0.0,-3.0E-4,0.4689,-0.3723,0.1435
0.2857,-0.5,0.2913,-0.2525,-0.2824
-0.1286,-3.0E-4,0.4576,-0.2727,0.2002
-0.5,-0.5,0.2453,-0.1062,-0.1399
0.0,-3.0E-4,0.4679,-0.4045,0.139
-0.1429,0.0999,0.3217,-0.4092,-0.0382
-0.5,0.5,0.3284,-0.1792,0.1732
-0.1429,-0.0999,0.2962,-0.2766,-0.1314
-0.0857,-0.0999,0.4323,-0.3969,0.1424
-0.5,-3.0E-4,0.4485,-0.4779,0.007
-0.1429,-0.0999,0.3021,-0.2716,-0.0334
0.5,-0.5,0.2792,0.0106,-0.2946
0.0,-3.0E-4,0.4615,-0.3307,0.212
-0.0514,-0.06,0.4471,-0.3245,0.1105
-0.5,-0.5,0.0564,0.4017,0.0503
-0.1429,-0.0999,0.3009,-0.3248,-0.0565
-0.1429,0.0999,0.317,-0.3846,-0.0472
-0.5,-0.5,0.24,-0.1421,-0.2565
-0.2143,-3.0E-4,0.4473,-0.4062,0.1543
-0.5,-0.5,0.2832,-0.0221,-0.2712
0.0714,-0.5,0.2699,0.1813,-0.2483
-0.1429,-0.0997,0.3173,-0.2892,0.0425
-0.0207,-0.005,0.4616,-0.32,0.1913
-0.5,-0.0999,0.3187,0.029,-0.0993
0.0,-3.0E-4,0.4795,-0.2913,0.0208
-0.5,-0.5,0.2889,0.22,-0.2321
-0.1429,-0.0999,0.3244,-0.2864,0.071
0.0714,-0.5,0.2756,-0.0383,0.0194
-0.1857,-3.0E-4,0.4565,-0.426,0.0032
-0.5,0.0999,0.2905,-0.198,-0.2833
-0.1429,-0.0999,0.294,-0.2751,-0.2694
-0.5,0.0999,0.2814,-0.1367,-0.2154
0.0857,-3.0E-4,0.4605,-0.413,0.2205
0.2857,-0.5,0.2624,-0.0702,-0.2902
-0.0857,-0.0999,0.4327,-0.3692,0.1395
-0.1429,0.0999,0.351,-0.2962,0.1358
-0.5,-3.0E-4,0.4526,-0.3962,0.0168
-0.5,0.0999,0.343,-0.1828,0.0717
-0.5,-0.5,0.261,0.0255,-0.2992
-0.5,-0.5,-0.0338,0.3991,-0.0709
-0.5,-0.5,0.2864,0.3643,0.4044
-0.5,-0.5,-0.008,0.4013,-0.0373
0.0714,-0.5,0.2535,0.2314,-0.0392
0.5,-0.5,0.2588,-0.0425,0.1417
-0.1429,-0.5,0.327,-0.1942,-0.0311
-0.5,0.0999,0.3776,-0.0434,0.0758
-0.5,-0.0999,0.2669,-0.1966,-0.2369
0.5,-0.5,0.2659,-0.0011,0.1244
0.0857,-3.0E-4,0.4552,-0.3676,0.1776
0.2857,-0.5,0.3009,-0.2637,0.057
-0.5,0.0999,0.2832,-0.119,-0.2254
-0.5,-0.5,0.4751,-0.1599,0.2472
-0.5,-0.5,0.25,-0.0905,-0.0648
-0.1429,0.0999,0.3281,-0.3115,0.018
-0.1429,-0.0999,0.2935,-0.3394,-0.2609
-0.5,0.0999,0.341,-0.1922,0.07
0.0714,-0.5,0.3439,-0.2759,-0.2931
-0.5,-0.5,0.0362,0.3978,0.0222
-0.1429,-0.5,0.359,-0.2824,0.1163
-0.1429,-0.0999,0.2989,-0.2303,-0.0776
-0.2143,-3.0E-4,0.4569,-0.4197,0.2272
-0.1728,-3.0E-4,0.4569,-0.4134,0.1617
0.0714,-0.5,0.2677,0.1456,-0.2367
-0.1429,-0.0999,0.3004,-0.3129,-0.0403
-0.5,-0.5,0.0229,0.3993,0.0038
-0.5,-0.5,0.3475,0.2617,-0.0714
0.0,-3.0E-4,0.4528,-0.4654,0.2161
0.5,-0.5,0.3073,-0.2287,-0.2723
-0.1429,0.0999,0.3379,-0.3348,0.0778
-0.5,-3.0E-4,0.4545,-0.4009,0.1771
-0.1429,-0.0999,0.296,-0.2747,-0.1583
-0.5,0.5,0.3134,-0.0466,0.1286
-0.5,-0.5,0.2735,0.0153,-0.2901
-0.1429,0.0999,0.3218,-0.408,-0.0363
-0.1429,0.0999,0.3212,-0.269,-0.0471
-0.5,-0.0999,0.3194,-0.0549,-0.0902
-0.5,-0.0999,0.3182,-0.0499,-0.0952
-0.5,-0.5,0.2456,0.4303,0.3421
-0.1429,0.0999,0.4066,-0.3609,0.2108
0.5,-0.5,0.2613,-0.0049,0.1403
0.0,-3.0E-4,0.4746,-0.3423,0.0279
-0.5,0.5,0.2619,0.1101,0.1816
-0.5,0.0999,0.2894,0.0469,-0.2335
-0.5,-0.5,0.1442,0.3816,0.1833
0.5,-0.5,0.2708,-0.0077,0.1125
0.5,-0.5,0.2737,-0.0825,-0.1357
-0.1429,0.0999,0.3598,-0.3375,0.1669
-0.1429,-0.0999,0.3004,-0.2222,-0.0549
-0.5,-0.0999,0.2966,-0.0398,-0.18
0.0714,-0.5,0.3444,-0.2019,-0.1654
0.2857,-0.5,0.3013,-0.222,0.0787
0.0714,-0.5,0.2764,-0.0519,0.0133
-0.1429,0.0999,0.3889,-0.3481,0.2132
-0.5,-0.5,0.2824,-0.0684,-0.0571
-0.5,0.5,0.2489,-0.1566,-0.3269
-0.1429,-0.0999,0.3341,-0.2744,0.0933
0.0714,-0.5,0.3326,-0.2073,0.0284
-0.1429,-0.0999,0.3472,-0.2626,0.116
-0.5,-0.5,-0.4785,0.4082,-0.477
-0.5,-0.5,-0.2085,0.4098,-0.2457
-0.5,0.5,0.3612,-0.1648,0.2117
-0.1314,-3.0E-4,0.4555,-0.3472,0.1782
-0.5,0.0999,0.2881,-0.1832,-0.272
0.002,-3.0E-4,0.4596,-0.3254,0.2159
0.0714,-0.5,0.3289,-0.1815,-0.0778
-0.5,-0.5,0.2596,0.0146,0.0084
-0.5,0.0999,0.3563,-0.0483,0.0574
-0.5,0.0999,0.487,-0.4133,0.2334
0.5,-0.5,0.2744,-0.0598,-0.2904
-0.1604,0.072,0.4594,-0.3183,0.2349
-0.1429,-0.0999,0.3315,-0.278,0.0865
-0.1429,0.0999,0.3534,-0.314,0.1444
-0.5,-0.0999,0.3239,-0.1901,-0.12
0.5,-0.5,0.3055,-0.2452,0.1317
-0.5,-0.5,0.2903,0.1928,-0.2362
-0.5,-0.0999,0.267,-0.1969,-0.1913
0.0714,-0.5,0.339,-0.227,0.0082
0.2857,-0.5,0.2997,-0.2481,-0.0513
-0.1857,-3.0E-4,0.4568,-0.413,0.0195
-0.5,-0.5,0.2625,0.029,-0.2976
0.2857,-0.5,0.2983,-0.246,-0.0939
-0.5,-0.0999,0.2902,-0.1818,-0.2824
-0.5,0.0999,0.2948,-0.2235,-0.2849
0.2857,-0.5,0.3033,-0.1902,-0.0474
0.0,-3.0E-4,0.4721,-0.3901,0.0361
-0.5,-0.5,0.4004,0.4261,0.4749
0.5,-0.5,0.2751,-0.0852,-0.0493
-0.5,-0.5,0.3826,0.346,0.1183
-0.5,-0.0999,0.2932,-0.0265,-0.1983
-0.5,-0.0999,0.2979,-0.0268,-0.2865
-0.5,-0.0999,0.3212,-0.2602,-0.2933
0.2857,-0.5,0.2607,-0.1231,0.0844
0.0,-3.0E-4,0.4702,-0.384,0.0788
-0.5,0.0999,0.2962,-0.0213,-0.2818
-0.5,-0.5,0.2548,-0.1086,-0.23
-0.2113,-3.0E-4,0.4572,-0.4036,0.2104
-0.5,-0.5,0.4687,-0.138,0.0362
0.0714,-0.5,0.3363,-0.2255,0.0237
-0.5,-0.5,-0.0936,0.4005,-0.1368
-0.5,0.0999,0.3294,-0.0235,0.0029
-0.5,-0.5,0.3708,-0.2247,-0.0797
-0.1429,-0.5,0.358,-0.2706,0.121
-0.5,-0.5,0.2891,-0.2479,0.1514
-0.1429,-0.0999,0.3038,-0.2372,-0.0243
-0.5,0.0999,0.2905,-0.1797,-0.0952
-0.5,0.5,0.2486,-0.1638,-0.3277
0.0,-3.0E-4,0.4739,-0.3718,0.0248
0.0186,-3.0E-4,0.4616,-0.3809,0.1992
0.0857,-3.0E-4,0.4599,-0.3975,0.1849
-0.5,0.0999,0.2876,-0.2215,-0.1223
-0.5,0.5,0.3969,-0.1631,0.2382
-0.1429,-0.0999,0.2991,-0.2783,-0.0731
-0.1429,-0.0999,0.2967,-0.2542,-0.1441
-0.5,0.5,0.4337,-0.1916,0.2529
-0.5,0.5,0.253,0.1063,-0.3132
-0.5,0.0999,0.3276,-0.1812,0.0508
-0.5,-0.5,0.2961,-0.2476,0.1214
-0.5,-0.0999,0.2542,-0.2489,-0.2007
0.5,-0.5,0.2741,-0.0571,-0.2068
0.2857,-0.5,0.2994,-0.2897,-0.037
-0.1429,-0.0999,0.3032,-0.2855,-0.0289
-0.5,-0.5,0.2473,-0.161,-0.3314
0.2857,-0.5,0.3006,-0.2533,0.0786
-0.1428,0.0999,0.4602,-0.3577,0.2336
-0.1429,-0.0999,0.2946,-0.3053,-0.1176
-0.1429,0.0999,0.3233,-0.2847,-0.0159
-0.1429,-0.5,0.2995,-0.3306,-0.0428
0.0714,-0.5,0.3429,-0.224,-0.2682
0.2857,-0.5,0.2659,-0.0938,-0.0705
-0.5,-0.5,0.3949,0.3829,0.4405
-0.1429,-0.0999,0.2954,-0.2732,-0.1824
-0.5,-0.0999,0.31,-0.0507,-0.1186
-0.5,0.5,0.3072,-0.2169,0.1245
0.0,-3.0E-4,0.4579,-0.4377,0.2067
-0.5,-0.5,0.4195,-0.1649,-0.1164
0.0714,-0.5,0.2759,0.2644,-0.2662
-0.5,-0.0999,0.3191,-0.1906,-0.2911
0.0714,-0.5,0.2763,-0.064,0.0118
-0.5,-0.5,0.3057,0.4058,0.4274
0.2857,-0.5,0.2674,-0.1229,-0.102
-0.5,0.0999,0.3057,0.0577,-0.1095
-0.5,-3.0E-4,0.4578,-0.3802,0.0261
-0.1429,0.0999,0.3407,-0.4053,0.1051
-0.1429,-0.5,0.3627,-0.3311,0.1274
-0.5,-0.5,0.2949,-0.2515,0.1501
-0.1429,0.0999,0.4266,-0.3471,0.2314
-0.5,0.5,0.2495,0.0426,0.0997
-0.5,-0.5,0.3741,-0.1585,-0.2123
0.0714,-0.5,0.3329,-0.2949,0.0295
0.0714,-0.5,0.2853,-0.0853,-0.2834
0.5,-0.5,0.2736,-0.0774,-0.1425
0.0714,-0.5,0.2837,-0.0754,-0.2656
-0.5,-0.5,-0.0166,0.4043,-0.0479
0.0714,-0.5,0.3369,-0.227,0.0193
-0.1818,-3.0E-4,0.4575,-0.3663,0.1462
0.0714,-0.5,0.2738,-0.0486,0.0197
0.0714,-0.5,0.3453,-0.1775,-0.2635
-0.5,0.0999,0.3561,-0.0193,0.0506
-0.5,0.0999,0.282,-0.1726,-0.2752
-0.5,-0.5,0.3377,0.2222,-0.0951
-0.1429,0.0999,0.4439,-0.2396,0.2399
-0.1666,-3.0E-4,0.4566,-0.4088,0.1742
-0.1857,-3.0E-4,0.4584,-0.4005,-0.0025
-0.5,0.0999,0.3361,-0.0192,0.0189
-0.1429,-0.0999,0.2989,-0.2663,-0.0751
-0.5,-3.0E-4,0.4513,-0.3789,0.0148
-0.5,-0.5,-0.2943,0.3984,-0.3193
-0.5,-0.5,0.3367,-0.0528,-0.0766
-0.5,0.0999,0.4834,-0.3029,0.2333
-0.1429,-0.0999,0.3391,-0.3002,0.1051
-0.5,-0.5,0.475,-0.1488,0.0896
-0.5,0.0999,0.2762,-0.154,-0.2532
-0.1304,-0.0966,0.4479,-0.4305,0.1471
0.5,-0.5,0.2746,-0.0751,-0.0914
-0.5,0.0999,0.3066,-0.165,0.013
-0.1429,-0.5,0.3023,-0.3349,-0.0433
-0.5,-0.5,-0.3659,0.4011,-0.378
-0.1429,-0.0999,0.303,-0.2864,-0.0236
-0.1429,0.0999,0.4527,-0.2486,0.2353
-0.1429,-0.0999,0.3053,-0.2809,-0.0162
-0.5,-0.5,0.4189,0.0508,0.012
-0.5,-0.5,0.2959,-0.2819,0.0381
-0.1429,-0.0999,0.2932,-0.259,-0.2904
0.011,-3.0E-4,0.4623,-0.3868,0.1933
0.0857,-3.0E-4,0.4656,-0.2866,0.2253
0.5,-0.5,0.3122,-0.2386,-0.0043
-0.1429,-0.5,0.3185,-0.2822,-0.0328
-0.1429,0.0999,0.4018,-0.3719,0.2311
0.0714,-0.5,0.273,0.1927,-0.2682
0.0714,-0.5,0.2727,0.2111,-0.2678
-0.5,0.0999,0.3461,-0.1469,0.0693
0.0,-3.0E-4,0.4611,-0.3649,0.209
-0.1429,-0.0999,0.297,-0.2766,-0.1139
0.0857,-3.0E-4,0.4588,-0.4197,0.2439
-0.5,-0.5,0.2894,-0.2191,0.1557
0.0,-3.0E-4,0.4694,-0.4386,0.1145
0.2857,-0.5,0.2634,-0.1084,-0.0148
-0.1429,-0.0999,0.3418,-0.2365,0.1074
-0.5,0.0999,0.3001,-0.2212,-0.0241
-0.5,-0.5,0.397,-0.0465,-0.0178
0.0714,-0.5,0.2676,0.0722,-0.1073
0.0714,-0.5,0.2823,-0.0761,-0.1187
-0.5,-0.5,-0.4136,0.4089,-0.4179
-0.1429,-0.0999,0.3003,-0.2771,-0.0486
0.2857,-0.5,0.2985,-0.2515,-0.121
-0.1429,-0.0999,0.3159,-0.2694,0.035
-0.5,-0.5,0.3072,0.2594,-0.1869
-0.1286,-3.0E-4,0.4552,-0.3145,0.2048
-0.5,0.5,0.328,-0.2108,0.1766
0.2857,-0.5,0.2945,-0.242,-0.2839
-0.5,-0.0999,0.3046,-0.0695,-0.133
-0.5,-0.5,-0.4767,0.4015,-0.4755
-0.5,-0.5,0.373,0.3192,0.0597
-0.1429,0.0999,0.3309,-0.3481,0.0359
-0.5,-0.5,0.2876,0.2009,-0.2322
-0.1431,-0.0305,0.4542,-0.4168,0.1632
0.5,-0.5,0.2757,-0.1467,-0.2849
-0.5,-3.0E-4,0.4464,-0.3476,0.0111
-0.1429,-0.0999,0.3118,-0.2842,0.0181
0.0,-3.0E-4,0.4603,-0.3779,0.2129
-0.1429,-0.0999,0.298,-0.1733,-0.2958
0.0,-3.0E-4,0.4737,-0.3811,0.0262
-0.5,-3.0E-4,0.4742,-0.2807,0.0724
0.2857,-0.5,0.2651,-0.1102,-0.1057
-0.5,-0.5,0.4057,0.4063,0.3044
-0.1429,-0.5,0.3614,-0.2846,0.0432
-0.5,-3.0E-4,0.4586,-0.3948,0.0411
-0.1429,-0.5,0.3638,-0.217,0.0965
-0.5,-0.5,0.4072,0.377,0.331
-0.1429,-0.0999,0.294,-0.2717,-0.285
-0.5,0.5,0.2864,-0.1695,0.0279
-0.1857,-3.0E-4,0.4569,-0.3999,0.013
-0.1429,0.0999,0.3342,-0.2699,0.0634
-0.1429,0.0999,0.3759,-0.3531,0.1926
0.0714,-0.5,0.2751,-0.0632,0.0186
-0.1429,-0.0999,0.3068,-0.2688,-0.0662
0.0,-3.0E-4,0.4731,-0.3757,0.0365
-0.5,-0.5,0.2538,-0.1449,0.0954
-0.5,-0.5,0.3788,-0.0826,-0.2218
-0.1423,-3.0E-4,0.4576,-0.4252,0.1788
-0.1429,-0.5,0.3135,-0.2507,-0.0354
0.0714,-0.5,0.3205,-0.1446,-0.2867
0.0714,-0.5,0.2375,0.1176,-0.0023
0.0714,-0.5,0.3376,-0.1883,-0.2797
-0.1014,-0.0999,0.4346,-0.417,0.1414
-0.5,0.0999,0.3113,-0.0475,-0.0672
-0.1286,-0.0999,0.4598,-0.4379,0.1746
-0.5,-0.5,-0.3851,0.4462,-0.3895
-0.1833,0.0091,0.4492,-0.3867,0.1497
-0.5,0.0999,0.3368,-0.2277,0.0693
-0.5,-0.5,0.2575,-0.0755,-0.252
-0.5,0.0999,0.2814,-0.1356,-0.2143
-0.5,0.0999,0.303,-0.0239,-0.1155
-0.5,-0.5,-0.2923,0.4121,-0.3175
-0.1429,-0.5,0.3585,-0.2695,0.1217
-0.1429,0.0999,0.3212,-0.2917,-0.0456
0.2857,-0.5,0.2599,-0.1141,-0.2866
-0.5,-0.5,0.4354,0.1245,0.2875
-0.1429,-0.0999,0.2938,-0.2744,-0.2906
-0.5,-3.0E-4,0.4581,-0.2747,0.1388
0.2857,-0.5,0.2649,-0.1128,0.0216
0.0857,-3.0E-4,0.4605,-0.3973,0.1936
-0.5,-0.5,0.3565,0.3269,-0.0237
-0.5,0.0999,0.2972,-0.1647,-0.0506
0.0857,-3.0E-4,0.4612,-0.3602,0.2365
-0.5,-0.5,-0.282,0.3801,-0.3083
-0.1285,-0.0999,0.4478,-0.4206,0.1485
0.0714,-0.5,0.3422,-0.2833,-0.2301
0.2857,-0.5,0.3006,-0.2561,0.0822
-0.1139,-0.0999,0.442,-0.4212,0.1464
-0.5,-0.5,0.3355,-0.1907,-0.2448
-0.1429,-0.0999,0.3091,-0.2254,0.0042
-0.1429,-0.0999,0.2982,-0.1989,-0.1538
-0.1429,-0.0999,0.2938,-0.1879,-0.2071
-0.5,0.0999,0.2918,-0.1777,-0.0895
0.2857,-0.5,0.2623,-0.0344,-0.2544
-0.5,-0.0999,0.2505,-0.1952,-0.2005
-0.1429,-0.5,0.3209,-0.4151,-0.0492
-0.5,0.0999,0.3205,-0.0739,-0.0283
0.0714,-0.5,0.3423,-0.2729,-0.2436
-0.5,-0.5,0.298,-0.2969,0.1047
-0.5,-0.5,0.1347,0.4053,0.1684
-0.1857,-3.0E-4,0.4566,-0.3789,0.0322
-0.5,0.5,0.2599,0.0648,0.0908
-0.5,-0.5,0.3166,-0.0911,-0.2518
-0.5,0.0999,0.2963,-0.0205,-0.2828
0.5,-0.5,0.3087,-0.2362,-0.2743
-0.0337,-0.0395,0.4502,-0.3986,0.1763
-0.1056,-0.0997,0.4388,-0.4348,0.1447
-0.5,0.5,0.2845,0.0461,0.0123
-0.5,-0.0999,0.2432,-0.1443,-0.1948
-0.5,-0.5,0.0995,0.4081,0.1141
0.5,-0.5,0.2741,-0.0692,-0.2889
-0.5,-0.5,0.3719,0.0949,-0.1445
-0.1429,0.0999,0.3209,-0.3539,-0.0437
-0.5,-0.0999,0.2909,-0.1791,-0.1755
-0.1429,0.0999,0.3212,-0.3567,-0.0458
-0.5,-0.5,0.2267,0.4035,0.3148
0.2857,-0.5,0.2598,-0.1101,-0.2885
-0.5,-0.5,0.3661,-0.1311,0.0772
-0.5,0.0999,0.4881,-0.3696,0.2319
-0.5,0.5,0.2541,-0.1399,-0.3355
0.2857,-0.5,0.2936,-0.2652,-0.2796
-0.1429,-0.5,0.2089,-0.2798,-0.0474
-0.1429,0.0999,0.3527,-0.2825,0.1486
-0.5,-0.5,0.2467,-0.1865,-0.3322
-0.1857,-3.0E-4,0.4568,-0.4103,0.015
-0.5,0.0999,0.3564,0.0125,0.0505
0.0714,-0.5,0.342,-0.2557,-0.2929
-0.1429,-0.0999,0.294,-0.2604,-0.2887
-0.1429,-0.5,0.3561,-0.2646,0.1205
0.2857,-0.5,0.2955,-0.2393,-0.2548
-0.2143,-3.0E-4,0.4566,-0.4198,0.2136
0.0714,-0.5,0.3397,-0.1804,0.0118
-0.1429,0.0999,0.3932,-0.4131,0.2192
-0.5,0.0999,0.2953,-0.1802,-0.0602
0.0714,-0.5,0.2634,0.2279,-0.1492
0.2857,-0.5,0.2812,-0.1763,0.0156
-0.5,-3.0E-4,0.4494,-0.428,0.0774
-0.5,-0.5,0.2185,0.4296,0.3015
-0.5,0.5,0.2999,0.006,0.0871
-0.5,0.5,0.2649,-0.0795,-0.1376
-0.5,0.0999,0.491,-0.3026,0.1697
-0.5,0.0272,0.472,-0.3814,0.1431
0.0714,-0.5,0.2594,0.1654,-0.1084
0.5,-0.5,0.3105,-0.237,-0.1814
-0.1952,-3.0E-4,0.457,-0.3359,0.1052
-0.1429,-0.0999,0.2984,-0.3029,-0.1189
-0.5,-0.0999,0.2843,-0.0856,-0.2939
-0.1429,-0.5,0.3615,-0.3349,0.0958
0.5,-0.5,0.2646,-0.0864,0.1298
-0.5,-0.5,0.4164,0.1091,-0.0276
-0.1429,-0.0999,0.2973,-0.2375,-0.1196
-0.5,-0.5,0.1172,0.4062,0.1414
-0.1429,-0.0999,0.3382,-0.3194,0.111
0.0714,-0.5,0.2763,-0.0053,0.0184
-0.1429,-0.0999,0.336,-0.2956,0.1002
-0.5,0.5,0.2524,-0.1816,-0.2831
0.0,-3.0E-4,0.4716,-0.4237,0.031
-0.5,-0.0999,0.2891,-0.0076,-0.2198
-0.5,0.5,0.26,-0.2284,-0.2145
-0.1429,0.0999,0.3915,-0.3768,0.2146
-0.5,-0.5,0.4233,-0.1664,-0.1081
-0.5,-3.0E-4,0.4511,-0.4125,0.0853
-0.5,-0.5,0.2949,-0.2405,0.1466
-0.5,0.5,0.2485,-0.1734,-0.327
0.2857,-0.5,0.302,-0.2287,0.0046
-0.5,-0.5,0.0391,0.3954,0.0258
0.2857,-0.5,0.2933,-0.296,-0.2841
-0.5,0.5,0.4093,0.152,0.2993
0.5,-0.5,0.3048,-0.2444,0.138
0.0857,-3.0E-4,0.46,-0.4388,0.2365
-0.1429,-0.0999,0.3334,-0.331,0.093
0.2857,-0.5,0.302,-0.1778,0.0537
-0.1286,-3.0E-4,0.4584,-0.3368,0.2219
-0.5,-0.5,0.253,-0.048,-0.0646
0.0714,-0.5,0.2403,0.1292,-0.0078
0.0,-3.0E-4,0.4676,-0.3285,0.0878
-0.1429,-0.5,0.3693,-0.3207,0.1031
0.2857,-0.5,0.2602,-0.0632,-0.2861
-0.1429,-0.0999,0.2974,-0.308,-0.1056
-0.5,-0.5,0.0517,0.4192,0.0434
0.0714,-0.5,0.3432,-0.2233,-0.2151
0.2857,-0.5,0.2939,-0.2417,-0.251
-0.5,-0.5,0.3373,-0.1367,-0.2892
-0.5,0.0999,0.3328,-0.1685,0.058
-0.5,-0.5,0.2991,0.4254,0.4194
0.2857,-0.5,0.2604,-0.0492,-0.2877
-0.1429,0.0999,0.399,-0.3262,0.2228
-0.5,0.0999,0.4894,-0.41,0.1615
-0.5,-0.5,0.3698,-0.0579,-0.0686
-0.1429,-0.0999,0.3091,-0.2046,1.0E-4
-0.5,-0.0999,0.2666,-0.1997,-0.2039
-0.5,-0.0999,0.2989,-0.0546,-0.1661
0.5,-0.5,0.2696,-0.0433,0.0456
-0.1429,0.0999,0.3696,-0.2931,0.1854
0.5,-0.5,0.2735,-0.0317,-0.0513
-0.5,0.5,0.2763,-0.2062,-0.022
-0.1429,-0.0999,0.3043,-0.2757,-0.0255
-0.5,-0.5,0.327,0.2966,-0.1354
-0.5,-0.5,0.3429,0.3224,-0.0788
0.0714,-0.5,0.3333,-0.178,0.0313
-0.1429,-0.0999,0.295,-0.2886,-0.2205
-0.5,-3.0E-4,0.4525,-0.3826,0.1131
-0.1429,-0.5,0.2098,-0.3295,-0.0437
-0.1429,0.0999,0.3431,-0.3074,0.1047
-0.1429,-0.5,0.2485,-0.3328,-0.0461
-0.5,-0.5,0.0745,0.4551,0.0748
-0.5,-0.5,0.2907,-0.3414,-0.2484
0.0714,-0.5,0.3436,-0.1841,-0.2937
-0.5,-0.5,-0.048,0.39,-0.0847
0.5,-0.5,0.3103,-0.2381,-0.1858
-0.1857,-3.0E-4,0.457,-0.3896,0.0184
0.0,-3.0E-4,0.4743,-0.378,0.0137
-0.5,0.0999,0.2961,-0.0208,-0.2809
-0.1429,-0.0999,0.2959,-0.2488,-0.1905
-0.2143,-3.0E-4,0.4579,-0.4228,0.2348
-0.0857,-0.0999,0.4343,-0.3484,0.1388
-0.5,-0.5,0.2872,-0.075,-0.0871
-0.5,0.0999,0.2853,-0.1769,-0.1484
0.2857,-0.5,0.264,-0.0641,-0.201
-0.1286,-3.0E-4,0.4548,-0.2846,0.1929
-0.5,-0.5,-0.4547,0.4052,-0.454
-0.1429,-0.0999,0.35,-0.2357,0.112
-0.5,-0.5,0.3425,-0.0483,-0.1635
0.2857,-0.5,0.2605,-0.1282,-0.2879
-0.5,0.5,0.2697,-0.0179,-0.097
-0.5,-0.5,-0.1992,0.4436,-0.2374
0.2857,-0.5,0.3008,-0.2881,-0.061
-0.5,-0.0999,0.2525,-0.2483,-0.1904
-0.0857,-0.0999,0.4265,-0.4384,0.14
0.0714,-0.5,0.3443,-0.147,-0.1504
-0.5,-0.5,0.3929,0.3578,0.1957
0.0714,-0.5,0.3441,-0.2655,-0.0899
-0.5,0.0999,0.2854,-0.1759,-0.1422
-0.5,0.0999,0.321,-0.0028,-0.0235
-0.1429,-0.0999,0.3109,-0.2812,0.0112
-0.5,0.0999,0.4895,-0.3996,0.1432
-0.1429,-0.5,0.3255,-0.3226,-0.0487
0.0477,-3.0E-4,0.4611,-0.3981,0.2127
0.0714,-0.5,0.3436,-0.2186,-0.1485
-0.5,0.0999,0.3143,0.0419,-0.0407
0.0714,-0.5,0.3412,-0.1477,0.0081
-0.5,0.5,0.2902,-0.1433,0.0461
0.0714,-0.5,0.3426,-0.2149,-0.2911
-0.5,0.0999,0.2959,-0.0226,-0.282
-0.5,-0.0999,0.2542,-0.2489,-0.2007
0.0714,-0.5,0.2824,-0.0663,-0.1409
-0.1429,-0.5,0.3595,-0.2515,0.0308
-0.5,0.5,0.2223,0.1767,-0.0918
0.0,-3.0E-4,0.4651,-0.2948,0.2067
0.2857,-0.5,0.2647,-0.1022,-0.0671
-0.1286,-3.0E-4,0.4546,-0.3117,0.1844
0.0714,-0.5,0.2704,0.188,-0.2495
-0.1078,-0.0999,0.4375,-0.4271,0.1422
0.5,-0.5,0.2752,-0.0532,-0.0515
-0.5,-0.5,0.4646,-0.0264,0.2575
-0.5,-0.5,0.3013,-0.2657,-0.2289
-0.5,0.5,0.4282,-0.2284,0.2535
0.0,-3.0E-4,0.4694,-0.4278,0.1245
-0.1429,-0.0999,0.2976,-0.2743,-0.084
0.0714,-0.5,0.3377,-0.2261,0.0112
-0.5,0.5,0.2792,0.0288,0.0816
0.0714,-0.5,0.2642,0.2488,-0.229
-0.5,-0.5,0.4316,0.0773,0.2877
-0.5,-0.5,0.301,-0.0386,-0.2557
-0.5,0.5,0.2752,-0.1916,-0.0473
-0.5,-0.5,0.2764,0.0863,-0.2786
-0.5,-3.0E-4,0.4519,-0.4134,0.0092
0.0714,-0.5,0.3433,-0.2267,-0.0963
-0.1429,-0.5,0.2986,-0.3247,-0.0416
-0.5,-0.5,0.3094,-0.214,-0.1063
0.0714,-0.5,0.2393,0.1352,-0.0022
-0.5,0.0999,0.2905,0.0268,-0.2064
0.0193,-3.0E-4,0.4616,-0.3705,0.2047
-0.5,-0.5,0.3067,-0.2458,0.016
-0.1429,0.0999,0.3217,-0.3541,-0.0355
-0.5,-0.5,0.2975,-0.2575,-0.2638
-0.1429,0.0999,0.4724,-0.387,0.2328
-0.5,-3.0E-4,0.4526,-0.4101,0.0256
-0.1429,-0.0999,0.2939,-0.2766,-0.2825
0.2857,-0.5,0.2692,-0.1239,0.0357
-0.0928,-3.0E-4,0.457,-0.3454,0.2001
-0.5,-0.0999,0.337,-0.1918,-0.0861
-0.5,0.0999,0.3003,-0.0982,-0.283
-0.1429,-0.0999,0.2973,-0.2318,-0.0869
-0.5,0.5,0.4304,-0.1654,0.2529
-0.1429,-0.0999,0.3357,-0.2782,0.0971
-0.1429,-0.0999,0.2954,-0.2793,-0.1949
-0.1429,-0.0999,0.3195,-0.272,0.0505
-0.5,-0.0999,0.3119,-0.1887,-0.2918
0.0,-3.0E-4,0.4671,-0.2913,0.0924
0.2857,-0.5,0.294,-0.2446,-0.2705
-0.2143,-3.0E-4,0.4578,-0.3526,0.237
-0.5,-0.5,0.2955,-0.2341,0.1377
-0.5,0.5,0.3179,0.0736,0.2525
-0.5,0.5,0.2673,-0.1856,-0.1202
-0.1286,-3.0E-4,0.4548,-0.3108,0.1897
-0.5,-0.5,0.2932,-0.2908,-0.0322
-0.5,-0.5,0.3234,-0.1819,0.0567
-0.5,0.5,0.3246,0.0032,0.1736
0.0,-3.0E-4,0.4632,-0.331,0.0949
-0.1429,0.0999,0.3174,-0.4228,-0.0448
-0.1429,0.0999,0.4527,-0.2486,0.2353
0.0,-3.0E-4,0.466,-0.2919,0.1184
-0.1429,0.0999,0.3174,-0.3859,-0.045
0.2857,-0.5,0.2639,-0.1224,0.0696
-0.1857,-3.0E-4,0.4569,-0.407,0.0155
-0.5,0.5,0.2571,0.0037,-0.2172
0.2857,-0.5,0.3006,-0.2322,-0.036
-0.1428,0.0999,0.4559,-0.3562,0.2322
-0.2089,-3.0E-4,0.455,-0.3964,0.16
-0.5,0.0999,0.298,-0.2436,-0.0222
-0.5,-0.0999,0.3101,-0.0559,-0.1259
-0.1857,-3.0E-4,0.4554,-0.3269,0.0049
-0.1429,0.0999,0.3933,-0.3634,0.2185
-0.5,-0.5,-0.21,0.4575,-0.2464
0.0714,-0.5,0.2857,-0.0601,-0.2954
0.2857,-0.5,0.2619,-0.1175,0.0764
0.0714,-0.5,0.2702,0.1844,-0.2489
0.5,-0.5,0.2731,-0.0157,-0.2839
-0.1429,-0.0999,0.3057,-0.2471,-0.0139
-0.5,-0.0999,0.2667,-0.1815,-0.2485
0.2857,-0.5,0.2629,-0.0606,-0.2296
0.0,-3.0E-4,0.4728,-0.3788,0.0438
0.2857,-0.5,0.293,-0.2198,-0.1875
-0.5,0.0999,0.3651,-0.0568,0.0632
-0.5,0.5,0.2944,-0.001,0.0708
-0.0857,-0.0999,0.4327,-0.457,0.1383
-0.5,-0.5,0.0383,0.4432,0.0272
0.5,-0.5,0.2739,-0.1146,-0.0105
-0.5,0.5,0.3415,-0.1314,0.1975
0.2857,-0.5,0.2635,-0.0719,0.0623
-0.1395,0.0762,0.4578,-0.4274,0.2315
-0.1429,-0.0999,0.2941,-0.3262,-0.123
-0.1429,-0.0999,0.2972,-0.2791,-0.1013
0.2857,-0.5,0.2648,-0.0489,-0.1263
-0.5,-0.5,0.4327,0.1256,0.0369
0.0714,-0.5,0.245,0.1481,-0.0147
0.5,-0.5,0.3086,-0.2363,-0.2805
-0.5,0.0999,0.287,-0.15,-0.1243
0.0714,-0.5,0.2827,-0.0654,-0.2175
-0.5,-0.5,0.3991,0.4365,0.2378
-0.5,0.0999,0.2886,-0.1784,-0.2761
0.0714,-0.5,0.2741,-0.0837,0.019
-0.1429,0.0999,0.4151,-0.3647,0.2334
-0.1429,-0.0999,0.3045,-0.2211,-0.2978
-0.1429,0.0999,0.328,-0.3675,0.0207
-0.5,0.5,0.3637,-0.1667,0.2258
0.2857,-0.5,0.2993,-0.3163,0.0848
-0.1429,-0.0999,0.2973,-0.2269,-0.0433
-0.5,0.0999,0.3867,-0.0684,0.0797
-0.5,-0.0999,0.3139,-0.1767,-0.2885
0.0536,-3.0E-4,0.4645,-0.3221,0.1553
-0.5,0.0999,0.2887,-0.1864,-0.2636
-0.1428,0.0999,0.4535,-0.3598,0.2306
-0.5,-0.5,0.3183,-0.0322,-0.2607
-0.1429,0.0999,0.3288,-0.2686,0.0297
-0.1429,-0.5,0.3588,-0.3342,0.0986
-0.5,-0.5,-0.2065,0.3964,-0.244
-0.115,-0.0999,0.441,-0.4316,0.1453
-0.5,-0.5,0.3344,0.314,-0.1093
0.0714,-0.5,0.3424,-0.2599,-0.022
0.0714,-0.5,0.2648,0.1271,-0.2196
-0.5,0.0999,0.3125,-0.0239,-0.0608
-0.5,-0.0999,0.3266,-0.2012,-0.1183
0.0714,-0.5,0.2856,0.014,-0.1942
-0.1429,-0.0999,0.3191,-0.2857,0.0527
0.5,-0.5,0.2631,-0.0788,0.1353
0.2857,-0.5,0.2604,-0.0443,-0.2871
0.0714,-0.5,0.2675,0.1769,-0.219
-0.5,-0.0999,0.3218,-0.0437,-0.0869
-0.1429,-0.0999,0.3055,-0.2985,-0.0713
0.5,-0.5,0.2753,-0.073,-0.1892
0.5,-0.5,0.3084,-0.2352,-0.2861
0.2857,-0.5,0.2652,-0.1105,-0.1006
0.0023,-3.0E-4,0.4606,-0.373,0.2126
-0.1428,0.0999,0.4633,-0.3606,0.2337
0.0857,-3.0E-4,0.4601,-0.4167,0.1948
-0.5,0.5,0.271,0.0429,-0.1061
-0.5,0.5,0.2872,-0.1561,0.0323
-0.1374,0.0524,0.4485,-0.3684,0.2106
-0.5,-0.0999,0.2948,-0.0521,-0.1912
0.5,-0.5,0.2747,-0.0681,-0.0895
-0.5,-0.5,0.0744,0.4034,0.0762
-0.1429,-0.0999,0.2968,-0.2236,-0.2695
-0.5,-0.0999,0.2955,0.0292,-0.2828
-0.5,0.0092,0.4577,-0.3949,0.1849
0.0714,-0.5,0.2848,-0.0628,-0.2899
-0.1429,-0.0999,0.2974,-0.2433,-0.1139
-0.1429,-0.0999,0.2955,-0.2255,-0.1929
-0.5,-0.5,0.1252,0.3876,0.1538
0.2857,-0.5,0.2934,-0.2741,-0.2776
-0.5,-0.5,-0.401,0.3979,-0.4071
0.2857,-0.5,0.2937,-0.2496,-0.2863
-0.1429,-0.5,0.36,-0.2799,0.1046
-0.5,0.5,0.2475,-0.204,-0.3354
-0.5,0.0999,0.29,-0.1479,-0.1207
-0.2143,-3.0E-4,0.4588,-0.3485,0.241
-0.5,-0.0999,0.3154,-0.2372,-0.2935
-0.5,0.5,0.225,0.0982,0.0051
-0.5,-0.5,-0.0294,0.433,-0.065
-0.5,-0.5,0.4101,0.0986,-0.0479
0.0714,-0.5,0.2761,0.2447,-0.2796
-0.5,-0.5,0.4393,-0.0158,-0.0566
-0.5,0.0999,0.2813,-0.1667,-0.1974
-0.5,-0.5,0.305,0.3161,-0.1907
0.2857,-0.5,0.261,-0.0983,-0.2813
0.2857,-0.5,0.2652,-0.1114,-0.0988
-0.1326,-3.0E-4,0.4554,-0.3592,0.183
-0.1429,-0.5,0.3,-0.3257,-0.0422
-0.5,-0.5,0.2476,-0.1074,-0.3322
-0.5,-0.0999,0.3078,-0.1709,-0.2782
-0.5,-0.5,0.134,0.4253,0.1678
-0.5,0.0999,0.2964,-0.108,-0.0986
0.0714,-0.5,0.2725,0.1893,-0.2666
-0.5,0.0999,0.3775,0.0197,0.0751
-0.5,-0.5,0.2897,-0.2699,-0.1452
-0.5,-0.5,0.4291,-0.1651,-0.0931
-0.5,0.0999,0.3325,0.0496,0.0092
-0.5,-0.5,0.2539,-0.0242,0.14
-0.5,0.5,0.2489,-0.1643,-0.3238
-0.5,0.0999,0.3162,0.0089,-0.0439
-0.5,-0.5,0.3453,0.2783,-0.0688
-0.5,-0.5,0.3472,0.2997,-0.062
-0.122,-0.0999,0.4433,-0.4054,0.1438
0.2857,-0.5,0.2621,-0.1169,0.0686
-0.5,-0.5,-0.3947,0.3652,-0.4019
-0.5,-0.5,-0.0683,0.4111,-0.1093
-0.1429,0.0999,0.3241,-0.339,-0.0101
-0.5,-0.5,0.4197,0.0749,-0.0165
-0.5,0.0884,0.4856,-0.3593,0.1434
0.0714,-0.5,0.2785,-0.142,0.0139
-0.1429,-0.0999,0.2959,-0.2244,-0.1671
-0.1429,-0.0999,0.2995,-0.2825,-0.0599
-0.5,-0.5,-0.4623,0.3649,-0.4611
-0.5,-0.0999,0.3219,-0.1143,-0.2919
-0.1649,-3.0E-4,0.4567,-0.3984,0.2261
0.0714,-0.5,0.3434,-0.2266,-0.1123
-0.5,0.0999,0.2897,0.0414,-0.2081
-0.5,-0.5,0.254,-0.0845,0.1337
-0.5,-0.5,0.4047,-0.2251,-0.1467
-0.5,-0.0999,0.3273,-0.1916,-0.1122
-0.5,-0.0999,0.3257,-0.052,-0.0793
-0.1429,-0.0999,0.2976,-0.3072,-0.1204
-0.5,-0.5,0.3412,-0.0256,-0.2078
0.0714,-0.5,0.2632,0.2337,-0.1738
-0.1286,-3.0E-4,0.4553,-0.3077,0.1881
0.2857,-0.5,0.3011,-0.2609,0.0388
-0.5,-0.0999,0.2974,-0.0549,-0.1701
-0.5,-3.0E-4,0.4566,-0.3861,0.0227
-0.1429,-0.0999,0.293,-0.2955,-0.2879
-0.5,-0.5,-0.0699,0.4022,-0.1111
0.0714,-0.5,0.3434,-0.2561,-0.0591
0.0714,-0.5,0.3438,-0.1948,-0.1713
-0.5,-0.5,0.4203,-0.059,-0.1093
-0.5,0.5,0.3342,-0.0994,0.1873
0.0857,-3.0E-4,0.461,-0.389,0.2205
-0.5,0.5,0.292,-0.0018,0.0557
-0.1429,-0.0999,0.3121,-0.2749,0.0193
0.5,-0.5,0.2746,-0.0734,-0.1571
-0.1429,-0.0999,0.2944,-0.2646,-0.284
0.2857,-0.5,0.2655,-0.1157,-0.0143
-0.5,-0.0999,0.2467,-0.1487,-0.1947
-0.1429,-0.0999,0.334,-0.2618,0.0913
-0.5,-0.5,0.295,0.3301,-0.2152
-0.1429,-0.0999,0.3346,-0.2837,0.0941
0.0714,-0.5,0.247,0.2022,-0.02
-0.1429,-0.0999,0.2995,-0.2817,-0.0627
-0.5,0.0999,0.2929,-0.0207,-0.2047
-0.1429,0.0999,0.3369,-0.3723,0.075
-0.1429,-0.5,0.306,-0.2722,-0.0368
-0.5,-0.5,0.327,0.3424,0.4564
0.0714,-0.5,0.3328,-0.2749,0.0276
0.0714,-0.5,0.2861,-0.1347,-0.2967
-0.5,0.0999,0.2986,-0.0557,-0.1353
0.0714,-0.5,0.2635,0.1994,-0.1845
-0.5,-0.5,0.3579,0.0214,-0.0706
-0.1429,-0.0999,0.2979,-0.2668,-0.2974
0.0857,-3.0E-4,0.461,-0.3749,0.2419
-0.5,-0.0999,0.2618,-0.1911,-0.2346
0.0714,-0.5,0.2788,-0.0584,-0.0065
-0.2143,-3.0E-4,0.4577,-0.4205,0.2319
-0.1429,-0.5,0.2948,-0.3199,-0.0425
-0.1429,-0.0999,0.297,-0.2035,-0.2873
-0.1429,0.0999,0.3296,-0.3439,0.025
0.0,-3.0E-4,0.4695,-0.3391,0.093
0.2857,-0.5,0.3002,-0.2621,0.0932
-0.5,0.5,0.2502,0.0066,-0.3124
-0.1429,-0.0999,0.2981,-0.2034,-0.1099
-0.0964,-0.0999,0.4369,-0.3302,0.1391
-0.1429,-0.5,0.3224,-0.3602,-0.039
-0.5,-0.5,0.3227,-0.2752,-0.1422
-0.5,-0.5,-0.2915,0.4046,-0.3169
0.2857,-0.5,0.3005,-0.2549,0.0906
-0.5,-0.5,-0.2127,0.398,-0.2493
-0.5,0.0999,0.2861,-0.1362,-0.279
0.0714,-0.5,0.346,-0.2076,-0.2917
-0.5,-0.5,0.2862,-0.2093,-0.2294
0.0522,-3.0E-4,0.4607,-0.4025,0.217
-0.1429,-0.0999,0.2927,-0.2925,-0.2943
-0.5,-0.5,-0.2335,0.4055,-0.2675
0.0714,-0.5,0.2568,0.1567,-0.0735
-0.1429,-0.0999,0.2932,-0.2925,-0.2878
-0.1429,-0.0999,0.3122,-0.2767,0.0225
0.0,-3.0E-4,0.4617,-0.3795,0.2052
-0.5,-0.5,0.3474,-0.0445,-0.112
0.2857,-0.5,0.2633,-0.0801,0.0694
-0.214,-3.0E-4,0.4571,-0.4293,0.2224
-0.1429,-0.0999,0.341,-0.3188,0.1128
-0.5,-0.5,0.2548,-0.0241,0.1439
0.5,-0.5,0.2715,-0.1281,-0.2874
-0.5,-3.0E-4,0.4823,-0.2957,0.1365
-0.5,-0.5,0.2763,-0.0367,-0.277
-0.5,-0.5,0.4434,0.0695,0.2707
-0.5,-0.5,0.2518,-0.0116,0.1432
0.0714,-0.5,0.2778,-0.0076,-0.2378
-0.5,-0.0999,0.2912,0.0023,-0.2889
-0.1429,0.0999,0.3214,-0.3405,-0.0468
0.0,-3.0E-4,0.4737,-0.3115,0.0148
-0.1429,-0.5,0.3431,-0.219,-0.0065
-0.1429,-0.0999,0.2976,-0.2789,-0.098
-0.2143,-3.0E-4,0.4586,-0.3999,0.2436
0.2857,-0.5,0.2681,-0.0651,-0.0486
0.0,-3.0E-4,0.466,-0.2919,0.1184
0.2857,-0.5,0.2938,-0.2473,-0.2824
-0.1429,0.0999,0.3257,-0.4215,0.0027
-0.1429,-0.5,0.3602,-0.2841,0.0942
-0.2139,-3.0E-4,0.457,-0.3847,0.2193
-0.5,-0.5,-0.0221,0.4001,-0.0548
0.0714,-0.5,0.3421,-0.2125,-0.2908
-0.1429,-0.0999,0.2957,-0.2674,-0.1908
-0.1429,0.0999,0.3885,-0.3642,0.2141
-0.5,-0.5,0.25,-0.0494,-0.094
-0.1429,-0.0999,0.2976,-0.3208,-0.0948
-0.1429,0.0999,0.3291,-0.3529,0.025
0.0714,-0.5,0.3451,-0.282,-0.228
-0.5,-3.0E-4,0.4573,-0.287,0.1802
-0.5,-0.5,-0.3705,0.4104,-0.3819
-0.5,0.5,0.2582,-0.2383,-0.2194
0.0714,-0.5,0.2763,-0.0661,0.0101
-0.5,-0.5,0.2903,-0.255,-0.1023
-0.5,0.0999,0.286,-0.1751,-0.2703
-0.1429,0.0999,0.3221,-0.2978,-0.0451
-0.5,-0.5,-0.3897,0.4088,-0.3978
0.0714,-0.5,0.2674,-0.136,0.0232
-0.5,0.5,0.3506,-0.1287,0.213
-0.5,-0.5,-0.1241,0.4065,-0.1672
-0.5,0.5,0.2509,0.0044,-0.3023
-0.2143,-3.0E-4,0.4538,-0.4079,0.2444
0.0479,-3.0E-4,0.4611,-0.3986,0.2133
-0.1429,-0.0999,0.3303,-0.3394,0.1038
-0.5,-0.5,-0.4722,0.4186,-0.4701
-0.5,0.5,0.2716,-0.161,-0.083
-0.5,0.0999,0.3119,-0.2185,0.033
-0.5,0.0999,0.3185,0.0061,-0.0354
-0.5,-0.5,-0.2878,0.3822,-0.3139
-0.1429,0.0999,0.4414,-0.272,0.2359
-0.5,0.0999,0.2815,-0.1742,-0.1984
-0.5,0.5,0.2552,0.0537,0.1582
-0.5,0.0999,0.2957,-0.0226,-0.27
0.0,-3.0E-4,0.4744,-0.3692,0.0214
0.0,-3.0E-4,0.4664,-0.3108,0.1304
0.2857,-0.5,0.2878,-0.1764,-0.1537
-0.1286,-0.0999,0.4568,-0.3424,0.163
-0.5,-0.0999,0.2899,-0.0488,-0.272
-0.1429,-0.5,0.2898,-0.2969,-0.0421
0.0857,-3.0E-4,0.4598,-0.3834,0.1787
-0.5,0.007,0.4569,-0.4038,0.1834
-0.1429,0.0999,0.4439,-0.2396,0.2399
0.0857,-3.0E-4,0.4597,-0.426,0.1798
0.5,-0.5,0.2742,-0.1053,-0.1261
-0.5,0.0999,0.3492,-0.0927,0.0596
-0.5,-0.5,0.4451,0.0254,0.1298
-0.1429,0.0999,0.3369,-0.4062,0.0805
-0.1857,-3.0E-4,0.4571,-0.4147,-0.0068
-0.5,-0.5,0.2573,-0.0654,-0.0184
-0.5,-0.5,0.4409,0.0713,0.2805
-0.1429,0.0999,0.3628,-0.3556,0.1738
-0.1429,0.0999,0.3258,-0.4009,0.0109
-0.5,-0.5,0.2533,-0.0304,0.0896
-0.5,-0.5,0.228,-0.0676,-0.1679
-0.5,-0.5,0.2474,-0.1599,-0.2597
-0.5,-0.5,0.3366,-0.0675,-0.0768
0.5,-0.5,0.2625,-0.006,0.1369
-0.5,0.5,0.3447,-0.1669,0.1995
-0.1429,-0.0999,0.3236,-0.2105,0.0773
-0.1429,0.0999,0.4078,-0.2961,0.2227
0.2857,-0.5,0.2625,-0.1174,0.0661
-0.1429,-0.5,0.2826,-0.3584,-0.046
-0.5,0.5,0.2813,-0.1713,-0.0046
-0.5,-0.5,0.3298,-0.1889,-0.0935
-0.5,-0.5,-0.3935,0.4127,-0.4005
0.5,-0.5,0.3096,-0.1778,-0.2926
0.0,-3.0E-4,0.4741,-0.321,0.0108
-0.1429,0.0999,0.4467,-0.2938,0.2333
-0.5,-0.5,0.4626,-0.1708,0.2534
-0.1429,-0.5,0.3148,-0.3946,-0.0471
-0.1429,-0.0999,0.2941,-0.2576,-0.2894
-0.5,-3.0E-4,0.4709,-0.2934,0.0317
0.0714,-0.5,0.277,-0.0224,0.0208
0.0714,-0.5,0.344,-0.214,-0.1295
-0.5,0.5,0.4005,0.1096,0.2994
0.2857,-0.5,0.2603,-0.1076,0.0867
-0.1429,-0.5,0.2898,-0.2466,-0.0413
0.2857,-0.5,0.2612,-0.0432,0.0833
-0.1429,-0.0999,0.2935,-0.3275,-0.2914
0.0714,-0.5,0.2743,-0.0179,0.022
-0.5,-0.5,0.2542,-0.0196,0.1381
-0.5,0.0999,0.3898,0.0059,0.0789
-0.5,0.0999,0.3484,0.0032,0.0432
-0.189,-3.0E-4,0.4572,-0.4178,0.173
-0.1285,-0.0999,0.4446,-0.4292,0.1449
-0.1429,0.0999,0.3971,-0.4181,0.2238
-0.1429,-0.0999,0.2965,-0.2846,-0.1266
-0.1857,-3.0E-4,0.4548,-0.435,-0.0012
-0.5,0.0999,0.307,-0.2068,0.0122
0.0714,-0.5,0.3376,-0.2219,0.0116
-0.5,0.0999,0.2796,-0.1995,-0.2234
-0.1224,-0.0216,0.4532,-0.3058,0.1778
-0.5,-0.5,0.2532,-0.0453,0.1298
-0.1429,-0.0999,0.3046,-0.2054,-0.035
-0.5,0.0999,0.3416,-0.1757,0.0702
-0.1429,-0.0999,0.3008,-0.2796,-0.0554
0.0,-3.0E-4,0.4726,-0.3774,0.0498
-0.1429,-0.0999,0.335,-0.2792,0.0956
-0.5,-0.5,0.3902,-0.1473,-0.1763
0.0714,-0.5,0.3453,-0.166,-0.1753
-0.5,0.0999,0.2852,-0.2119,-0.1243
-0.1286,-3.0E-4,0.4576,-0.2727,0.2002
-0.1429,-0.0999,0.2996,-0.319,-0.0639
-0.5,-0.5,0.3718,-0.0094,-0.198
-0.5,-0.5,0.0745,0.4551,0.0748
0.5,-0.5,0.2734,-0.0333,0.0884
-0.5,0.5,0.2697,-0.0472,-0.0878
-0.1429,-0.0999,0.315,-0.2389,0.0353
-0.5,0.5,0.2503,0.0089,-0.3117
0.0714,-0.5,0.2671,0.1388,-0.2348
-0.5,0.5,0.2782,-0.1971,-0.0282
-0.1429,-0.0999,0.3399,-0.296,0.1057
-0.1429,-0.0999,0.3027,-0.2344,-0.044
-0.1429,0.0999,0.4738,-0.415,0.2335
0.2857,-0.5,0.3016,-0.2817,0.0454
-0.1857,-3.0E-4,0.4566,-0.4096,0.005
-0.5,-0.5,0.264,-0.1412,0.1291
-0.5,-0.5,0.4477,0.0763,0.2303
-0.5,-0.0999,0.3005,-0.19,-0.2493
0.2857,-0.5,0.2975,-0.209,-0.1821
-0.5,-0.5,0.3819,-0.212,-0.1947
-0.5,-0.5,0.3487,0.311,-0.0549
0.2857,-0.5,0.2654,-0.116,-0.1085
0.2857,-0.5,0.2942,-0.2661,0.0932
-0.5,-0.5,0.2672,-0.1173,0.1026
-0.1429,0.0999,0.3921,-0.3484,0.2138
-0.5,-0.5,0.479,-0.1618,0.1122
-0.5,-0.0999,0.3119,-0.1923,-0.2921
-0.5,0.5,0.3119,-0.153,0.1331
-0.5,0.0999,0.322,-0.1923,0.0525
0.2857,-0.5,0.2983,-0.189,-0.1851
-0.5,-0.5,0.2874,-0.3158,-0.2099
0.5,-0.5,0.2745,-0.0868,-0.2176
0.0,-3.0E-4,0.4739,-0.3029,0.0226
0.0714,-0.5,0.2627,0.1887,-0.1629
-0.5,-0.5,0.2629,0.3738,0.3715
-0.5,-3.0E-4,0.4573,-0.287,0.1802
-0.1429,0.0999,0.321,-0.3584,-0.0426
-0.5,-3.0E-4,0.4473,-0.4178,0.0069
0.0,-3.0E-4,0.4742,-0.423,0.011
-0.5,-0.0999,0.3276,-0.0532,-0.0768
-0.1429,-0.0999,0.2986,-0.2733,-0.0794
0.2857,-0.5,0.2666,-0.1136,-0.0091
-0.1508,0.0887,0.4587,-0.3667,0.2343
-0.1429,-0.0999,0.3303,-0.3407,0.0914
-0.5,0.0999,0.2894,-0.186,-0.2883
0.0857,-3.0E-4,0.4608,-0.4138,0.2333
-0.5,-3.0E-4,0.481,-0.3441,0.1005
-0.5,-0.5,0.2537,-0.1327,0.0873
-0.1884,-3.0E-4,0.4577,-0.3509,0.1311
-0.1429,-0.0999,0.295,-0.1957,-0.2937
0.0714,-0.5,0.307,-0.1277,-0.1245
-0.5,-0.5,0.186,0.4098,0.2504
-0.5,0.5,0.3111,0.0948,0.2683
-0.5,-0.5,0.3334,-0.2568,-0.2869
-0.5,-0.5,0.3378,0.4284,0.4653
0.0,-3.0E-4,0.4696,-0.3928,0.0928
0.0714,-0.5,0.2614,0.1774,-0.142
-0.5,0.0999,0.3177,0.0273,-0.0355
-0.5,-0.5,0.2093,0.3984,0.2879
-0.1294,-3.0E-4,0.4547,-0.4394,0.1988
0.0714,-0.5,0.3427,-0.194,-0.1539
0.5,-0.5,0.3122,-0.2305,-0.0066
-0.1429,-0.0999,0.3496,-0.2256,0.1142
-0.5,-0.5,0.2511,-0.1605,0.0694
-0.5,0.0999,0.2898,-0.1777,-0.2829
0.0857,-3.0E-4,0.4595,-0.4481,0.1873
-0.5,-0.5,0.358,-0.2496,-0.1281
-0.5,-0.5,0.1554,0.3922,0.2053
-0.5,-0.5,0.29,-0.2795,-0.1938
-0.5,0.0999,0.316,-0.0161,-0.0451
0.5,-0.5,0.3126,-0.2304,0.0299
0.5,-0.5,0.3102,-0.2898,-0.1512
-0.5,-0.5,0.0844,0.4083,0.0897
-0.5,0.5,0.3845,-0.1638,0.2329
-0.1429,0.0999,0.3622,-0.2877,0.1714
-0.2143,-3.0E-4,0.4587,-0.3864,0.2419
-0.5,-0.5,0.3347,-0.0244,-0.2309
-0.5,-0.0999,0.3279,-0.2373,-0.0757
-0.5,0.0999,0.3045,-0.1751,-0.001
-0.5,0.0999,0.3484,-0.0525,0.0438
-0.1429,0.0999,0.3243,-0.3907,-0.0133
-0.5,0.0999,0.2884,-0.162,-0.2486
0.2857,-0.5,0.263,-0.0738,-0.1952
0.0,-3.0E-4,0.4761,-0.347,0.025
-0.5,-0.5,0.2955,-0.2534,0.1494
-0.5,0.5,0.2587,-0.1708,-0.217
0.0714,-0.5,0.2656,0.1929,-0.2184
-0.5,-0.0999,0.2598,-0.2039,-0.2277
-0.5,-0.5,0.2617,-0.0572,0.0326
-0.1429,-0.0999,0.2992,-0.2673,-0.0556
-0.5,0.0999,0.2933,-0.1775,-0.0765
0.2857,-0.5,0.3007,-0.2542,0.0817
-0.5,-0.5,0.3886,0.0746,-0.1181
0.0857,-3.0E-4,0.4613,-0.3414,0.2412
-0.5,-0.5,0.0215,0.4083,0.0017
0.2857,-0.5,0.2977,-0.2755,-0.1773
0.0714,-0.5,0.2734,0.2341,-0.2722
-0.5,0.5,0.2562,-0.0077,-0.2217
-0.5,0.0999,0.2898,-0.1754,-0.2844
-0.1428,0.0999,0.4554,-0.3561,0.2319
-0.5,-0.0999,0.325,-0.0204,-0.0803
-0.5,-0.5,0.4423,-0.1407,-0.0614
0.0,-3.0E-4,0.4665,-0.3638,0.1726
0.2857,-0.5,0.2646,-0.0342,0.075
-0.5,-0.5,0.4039,0.437,0.4704
0.2857,-0.5,0.2573,-0.1493,0.0895
-0.1285,-3.0E-4,0.4551,-0.3871,0.2123
-0.5,0.0999,0.2901,-0.1769,-0.2842
-0.0857,-0.0999,0.4316,-0.3605,0.1348
-0.5,0.0999,0.3769,-0.0115,0.0749
0.0714,-0.5,0.2839,0.0048,-0.1822
-0.1429,-0.0999,0.2945,-0.2353,-0.2913
-0.1429,-0.0999,0.2936,-0.2825,-0.2901
-0.5,-0.5,0.4367,0.0675,0.2858
-0.5,0.0999,0.2975,-0.0799,-0.291
0.0408,-3.0E-4,0.4606,-0.3156,0.2259
-0.1429,-0.0999,0.3099,-0.2801,0.0105
0.0,-3.0E-4,0.4738,-0.3123,0.0229
-0.1429,0.0999,0.3285,-0.4042,0.043
-0.5,-0.0999,0.3278,0.0081,-0.0761
-0.5,0.0728,0.4812,-0.3861,0.1398
-0.5,-0.0999,0.3044,0.0109,-0.139
-0.1429,-0.5,0.3051,-0.322,-0.041
-0.5,-0.5,0.3172,-0.2374,-0.0016
-0.5,-0.5,0.2994,-0.3166,0.0909
-0.5,0.5,0.3038,-0.0371,0.1025
-0.1429,0.0999,0.3218,-0.395,-0.0446
0.5,-0.5,0.2744,-0.0731,-0.0463
-0.1429,0.0999,0.3219,-0.3512,-0.034
-0.5,0.5,0.291,0.0024,0.0574
-0.1429,-0.0999,0.3001,-0.3013,-0.0386
-0.5,-0.5,0.3237,0.3252,-0.145
-0.1429,-0.0999,0.3213,-0.342,0.062
-0.5,0.0999,0.3152,-0.0015,-0.2794
-0.1429,0.0999,0.3215,-0.3073,-0.0457
0.5,-0.5,0.3119,-0.2584,-0.0177
0.0857,-3.0E-4,0.4605,-0.4107,0.2187
-0.5,0.0999,0.2926,-0.168,-0.2852
-0.1429,-0.5,0.3555,-0.3177,0.1219
-0.5,0.5,0.3923,-0.185,0.2453
0.2857,-0.5,0.2649,-0.0521,-0.1052
-0.1429,-0.0999,0.3331,-0.2833,0.0912
0.2857,-0.5,0.2637,-0.0728,-0.1769
-0.5,0.5,0.272,0.0023,-0.0695
0.0714,-0.5,0.3382,-0.1716,-0.2863
-0.5,0.0999,0.3818,-0.0091,0.078
0.2857,-0.5,0.2944,-0.2468,-0.2707
-0.5,0.0999,0.2907,0.0338,-0.2378
-0.5,-3.0E-4,0.4509,-0.437,0.0468
-0.5,-0.5,0.4429,-0.1611,-0.0407
-0.5,-0.5,0.4425,-0.0178,0.0514
-0.1857,-3.0E-4,0.4566,-0.3567,0.0111
-0.1429,-0.0999,0.3036,-0.2899,-0.0238
-0.5,0.5,0.3471,0.0872,0.2879
-0.1429,-0.0999,0.2949,-0.306,-0.2055
-0.5,-0.5,0.2942,-0.2928,0.1441
-0.5,-0.5,0.3848,-0.1081,-0.0373
-0.1429,-0.0999,0.3027,-0.2802,-0.0351
0.2857,-0.5,0.2606,-0.0722,-0.2888
-0.1429,-0.5,0.3595,-0.2165,0.0344
0.0714,-0.5,0.2827,-0.0616,-0.1152
0.0714,-0.5,0.2588,0.1181,-0.0834
-0.5,-0.0999,0.2592,-0.1099,-0.2174
-0.5,-0.5,0.3589,-0.1451,-0.1611
0.0,-3.0E-4,0.4734,-0.3914,0.0121
0.0857,-3.0E-4,0.4606,-0.4192,0.2322
-0.5,-0.0999,0.257,-0.1452,-0.2184
-0.5,0.0999,0.2884,-0.1837,-0.2786
0.0857,-3.0E-4,0.4607,-0.4266,0.2262
-0.1567,-3.0E-4,0.4569,-0.4066,0.1794
-0.1429,0.0999,0.346,-0.3537,0.1112
-7.0E-4,-0.0011,0.4684,-0.3506,0.1394
0.0714,-0.5,0.2767,-0.067,0.0053
0.2857,-0.5,0.2621,-0.0409,0.082
0.2857,-0.5,0.2997,-0.2823,-0.0505
-0.5,-0.5,0.4143,0.0267,-0.123
-0.5,0.0999,0.2958,0.0624,-0.2929
-0.1429,0.0999,0.3285,-0.3591,0.0193
0.0714,-0.5,0.3429,-0.217,-0.2715
-0.1429,-0.0999,0.2956,-0.2758,-0.183
-0.5,-0.5,0.0066,0.4247,-0.0179
-0.5,-3.0E-4,0.4534,-0.4517,0.1835
-0.1429,-0.0999,0.2948,-0.3039,-0.2286
-0.5,-0.5,0.255,-0.0948,0.0105
-0.5,-0.5,0.2958,-0.2447,0.1298
-0.1429,-0.5,0.2645,-0.4169,-0.0464
-0.5,-0.5,0.2369,0.3919,0.3318
-0.1429,0.0999,0.3209,-0.3546,-0.0425
-0.5,0.5,0.4007,-0.1665,0.2452
-0.1343,-3.0E-4,0.4566,-0.3925,0.1834
-0.5,-0.5,0.3885,0.4431,0.4683
0.5,-0.5,0.311,-0.2976,-0.1229
-0.1857,-3.0E-4,0.4567,-0.4154,0.0117
-0.5,0.5,0.3095,0.1142,0.2658
-0.1857,-3.0E-4,0.4559,-0.4387,0.003
-0.1024,-3.0E-4,0.4579,-0.3952,0.1863
-0.5,-3.0E-4,0.4711,-0.3737,0.1117
-0.5,0.0999,0.2957,-0.0152,-0.2735
-0.1429,0.0999,0.3222,-0.4246,-0.0137
-0.5,0.0999,0.3004,-0.1944,-0.0075
-0.5,-0.0999,0.3138,-0.0553,-0.1086
-0.5,0.0999,0.3135,0.0147,-0.0574
-0.5,0.0999,0.2801,-0.1927,-0.2478
-0.2143,-3.0E-4,0.4509,-0.4744,0.183
-0.1264,-0.0429,0.4505,-0.4118,0.1635
0.2857,-0.5,0.2595,-0.1552,0.0856
-0.1429,-0.0999,0.3259,-0.2827,0.0679
-0.5,0.0999,0.2921,-0.2219,-0.0838
-0.1429,0.0999,0.3537,-0.3788,0.1482
0.0714,-0.5,0.282,-0.0752,-0.1555
-0.5,-0.5,0.3895,-0.062,0.0796
-0.5,-0.5,0.2536,-0.1276,-0.3138
0.0714,-0.5,0.2824,-0.0632,-0.1215
-0.5,-0.5,0.4744,-0.1569,0.2451
-0.5,-0.5,0.3877,0.3355,0.1539
0.0714,-0.5,0.3425,-0.196,-0.2934
0.0857,-3.0E-4,0.461,-0.4054,0.2401
-0.5,0.0999,0.2842,-0.2098,-0.2911
-0.1857,-3.0E-4,0.4568,-0.4157,0.0236
-0.1429,-0.0999,0.2947,-0.2387,-0.2709
-0.5,-0.5,0.3642,-0.0655,-0.1866
-0.5,0.5,0.277,-0.0383,-0.0262
-0.1429,-0.0999,0.2951,-0.2866,-0.2069
-0.5,0.5,0.4151,-0.003,0.2516
0.0714,-0.5,0.3435,-0.2527,-0.1208
-0.5,-0.0999,0.324,0.0243,-0.0841
-0.1429,0.0999,0.4291,-0.4079,0.2421
-0.5,-0.5,0.3802,0.3441,0.1
-0.5,0.5,0.2295,0.2025,0.0062
-0.5,-0.5,-0.0617,0.3828,-0.1004
-0.5,-0.5,0.334,0.0589,-0.207
0.0714,-0.5,0.2331,0.1147,0.0049
-0.1429,0.0999,0.4334,-0.4287,0.2268
-0.5,-0.0999,0.2947,-0.0686,-0.1764
-0.5,-0.5,0.4072,0.3506,0.3351
-0.5,0.0999,0.3193,-0.2243,0.0465
-0.1429,-0.0999,0.3482,-0.2584,0.1161
0.0857,-3.0E-4,0.4607,-0.4043,0.2139
-0.1429,-0.5,0.3122,-0.3788,-0.0471
0.0714,-0.5,0.2583,0.168,-0.0946
-0.5,0.0999,0.2906,-0.1844,-0.2847
-0.5,0.0999,0.2913,0.0212,-0.2113
0.0714,-0.5,0.2603,0.0777,-0.0522
-0.2143,-3.0E-4,0.4587,-0.4329,0.2432
-0.5,-0.5,-0.1588,0.4396,-0.2038
0.2857,-0.5,0.2997,-0.2709,0.0951
0.5,-0.5,0.2739,-0.0753,0.0569
-0.5,0.5,0.2618,0.0819,0.1805
-0.5,-0.5,0.2893,-0.2862,-0.2112
0.2857,-0.5,0.3055,-0.2899,0.0437
-0.1429,0.0999,0.3396,-0.4009,0.0931
0.5,-0.5,0.2741,-0.0208,-0.2773
-0.5,0.5,0.2255,0.0717,-0.0668
-0.5,-0.5,0.2414,-0.1906,-0.2359
0.2857,-0.5,0.2942,-0.263,-0.2745
-0.0857,-0.0999,0.435,-0.3223,0.1414
-0.1429,-0.5,0.3227,-0.2982,-0.0243
-0.1429,-0.5,0.2731,-0.2691,-0.0449
-0.1429,-0.0999,0.2971,-0.2766,-0.1038
-0.5,0.5,0.224,0.1322,-0.0677
-0.5,-0.5,0.3431,0.2877,-0.0766
0.5,-0.5,0.2717,-0.1289,-0.2873
0.2857,-0.5,0.3006,-0.2531,0.0782
-0.5,0.0999,0.3179,0.021,-0.0397
-0.5,0.0999,0.4891,-0.3686,0.2108
-0.5,-0.5,0.4055,0.3585,0.3164
-0.5,-0.5,0.3171,-0.23,-0.0636
-0.5,-3.0E-4,0.4573,-0.287,0.1802
-0.1429,-0.0999,0.3019,-0.2968,-0.1308
-0.5,-0.5,0.2254,-0.0643,-0.1652
-0.5,-0.5,0.3052,-0.1807,-0.2376
-0.0443,-0.0518,0.4472,-0.4063,0.1652
-0.5,0.0999,0.2962,-0.0238,-0.2873
-0.5,0.0999,0.3,-0.1895,-0.0259
-0.1429,-0.0999,0.2948,-0.2559,-0.2465
-0.1857,-3.0E-4,0.4578,-0.3921,0.0584
-0.5,-0.5,0.2505,-0.0732,-0.3336
-0.1429,-0.5,0.3627,-0.2836,0.1151
-0.5,0.0999,0.3469,-0.1925,0.074
0.0714,-0.5,0.2903,-0.0802,-0.2801
-0.5,0.5,0.2656,0.0928,0.1906
-0.5,0.0999,0.3633,-0.0351,0.0715
-0.1373,-3.0E-4,0.4568,-0.4374,0.1638
-0.5,-0.5,0.3813,0.4146,0.1008
-0.5,0.5,0.251,0.0068,-0.3003
-0.5,-3.0E-4,0.4543,-0.3996,0.019
-0.1857,-3.0E-4,0.4599,-0.4611,-0.0036
-0.5,-0.5,0.4574,-0.1693,0.2526
-0.5,0.0999,0.2996,-0.1937,-0.0296
-0.5,-0.5,0.275,-0.1074,0.081
-0.5,-0.5,0.2504,0.0099,-0.085
0.0714,-0.5,0.2429,0.1837,-0.0047
-0.5,0.0999,0.3484,-0.0475,0.0435
-0.1429,-0.0999,0.345,-0.2141,0.1118
-0.1857,-3.0E-4,0.4546,-0.3661,0.0132
-0.1429,0.0999,0.3228,-0.2659,-0.0464
-0.1429,0.0999,0.34,-0.3908,0.0964
0.2857,-0.5,0.2688,-0.0424,0.0542
-0.5,-0.5,0.3357,0.2745,-0.1021
0.0714,-0.5,0.264,0.1115,-0.1275
-0.5,-0.0999,0.3134,-0.1938,-0.2924
-0.1429,-0.5,0.3016,-0.3222,-0.0411
0.0714,-0.5,0.2836,-0.0545,-0.2519
0.0714,-0.5,0.2728,0.1905,-0.2685
-0.1429,-0.0999,0.2949,-0.229,-0.2946
-0.5,-0.5,0.4177,-0.202,-0.1192
-0.5,-0.0999,0.3274,-0.1478,-0.0942
-0.5,-0.0999,0.2916,-0.1796,-0.2672
-0.5,0.0999,0.3071,-0.0557,-0.0705
0.2857,-0.5,0.3006,-0.2534,0.0762
-0.5,-0.0999,0.3237,0.0157,-0.0862
-0.5,0.5,0.4079,-0.1168,0.2488
-0.5,-0.0999,0.2903,0.0071,-0.2927
-0.5,-0.5,0.2445,-0.0237,-0.1258
0.0714,-0.5,0.2833,-0.0765,-0.1553
0.2857,-0.5,0.2657,-0.1086,-0.0395
-0.1429,0.0999,0.3327,-0.2648,0.0517
-0.5,-0.5,0.3127,-0.2446,-0.0173
-0.5,0.0999,0.2862,-0.1899,-0.277
-0.5,-0.5,0.4453,0.1421,0.1315
-0.5,-0.5,0.4767,-0.159,0.2489
-0.1429,-0.5,0.3489,-0.2812,0.0289
-0.1857,-3.0E-4,0.4552,-0.4489,0.0043
-0.5,-0.0999,0.3025,-0.1063,-0.274
-0.5,-0.0999,0.3232,-0.1912,-0.1179
0.0714,-0.5,0.2737,-0.1246,0.0199
-0.5,-0.5,0.4199,0.0584,-0.0059
-0.5,0.0999,0.3094,-0.0206,-0.0739
-0.5,-0.5,0.3394,0.293,-0.0886
-0.5,-0.5,0.2988,-0.2404,-0.2753
-0.5,-0.5,0.3192,0.1122,-0.2182
-0.1429,-0.0999,0.3316,-0.2555,0.0863
-0.5,-0.5,0.2443,-0.1306,-0.2108
0.2857,-0.5,0.2969,-0.2139,-0.2886
-0.1857,-3.0E-4,0.4538,-0.4196,0.0177
-0.1429,0.0999,0.322,-0.3564,-0.032
-0.5,-0.0999,0.3215,0.0147,-0.0874
-0.1429,-0.0999,0.339,-0.293,0.1041
-0.5,0.5,0.3733,-0.006,0.224
0.5,-0.5,0.2745,-0.0511,-0.0368
-0.1429,0.0999,0.4439,-0.2396,0.2399
-0.2143,-3.0E-4,0.4581,-0.4485,0.2432
-0.5,0.0999,0.3037,-0.1954,-0.0044
-0.5,-0.0999,0.2894,-0.0486,-0.2819
-0.5,-3.0E-4,0.4509,-0.3906,0.0627
-0.5,-0.5,0.3054,-0.2569,0.0623
-0.5,-0.5,0.2247,-0.0593,-0.1653
0.0635,-3.0E-4,0.459,-0.3893,0.2317
-0.5,-0.5,0.325,-0.2119,-0.2661
-0.5,-0.0999,0.2601,-0.1887,-0.2088
-0.1429,-0.5,0.3119,-0.2151,-0.0353
-0.5,-0.5,0.3896,0.333,0.1741
0.0857,-3.0E-4,0.462,-0.3385,0.1782
-0.5,-0.0999,0.3258,-0.1892,-0.1213
0.2857,-0.5,0.2532,-0.1387,0.0958
0.5,-0.5,0.2745,-0.0895,-0.0301
0.5,-0.5,0.2745,-0.1094,-0.1763
-0.5,0.5,0.2522,0.0643,-0.2896
-0.1064,-0.0999,0.4362,-0.4193,0.141
-0.1429,0.0999,0.3211,-0.4137,-0.0307
-0.5,-3.0E-4,0.4527,-0.3988,0.0125
0.0,-3.0E-4,0.4708,-0.3397,0.0662
-0.1429,-0.0999,0.3203,-0.2701,0.0546
-0.5,-0.5,0.153,0.371,0.1947
0.0714,-0.5,0.265,0.1697,-0.2159
-0.5,0.5,0.2562,0.0705,-0.1938
0.5,-0.5,0.2771,-0.0984,-0.2915
0.0714,-0.5,0.342,-0.2679,-0.267
-0.5,0.0999,0.2915,-0.2131,-0.0921
-0.5,-0.5,0.3606,0.3372,-0.0058
-0.063,-0.0735,0.437,-0.465,0.1673
0.0714,-0.5,0.2591,0.1823,-0.1014
-0.0931,-0.0999,0.4338,-0.4057,0.1421
-0.5,-0.5,0.4453,0.1421,0.1315
0.2857,-0.5,0.2653,-0.0257,-0.2897
-0.1346,0.0063,0.4507,-0.3942,0.182
-0.5,0.5,0.4062,-0.16,0.2444
-0.5,-0.5,0.2905,-0.2473,-0.1111
-0.1429,0.0999,0.388,-0.2595,0.2186
0.0,-3.0E-4,0.4725,-0.3832,0.0346
-0.1429,-0.0999,0.3348,-0.2243,0.0941
-0.5,0.5,0.3659,0.0769,0.2233
-0.1429,-0.0999,0.2958,-0.2274,-0.1667
-0.1843,-3.0E-4,0.4574,-0.416,0.1695
-0.5,0.5,0.3996,0.0743,0.2984
-0.1429,-0.5,0.3044,-0.2762,-0.0386
-0.5,0.0999,0.2823,-0.1349,-0.2894
