-0.0353,-0.5,0.0319,-0.0774,-0.0532
-0.5,-0.0999,-0.0417,0.0187,0.0944
0.125,-0.0999,0.3685,0.2934,0.1659
0.0,-0.0999,0.0035,-0.1485,0.0752
0.075,-0.0999,0.2021,0.0606,0.1639
-0.5,-0.0999,0.267,-0.4955,0.0888
-0.5,0.0999,8.0E-4,-0.1067,0.2345
0.125,-0.0999,0.2321,0.1548,-0.0096
0.0,-0.0999,0.1224,-0.1229,0.1343
-0.5,0.5,-0.126,-0.2237,-0.2826
-0.5,-0.5,0.269,0.2634,-0.0474
0.1,0.0999,-0.0083,-0.4965,0.2285
0.4688,-0.5,0.1723,0.0718,0.0624
-0.5,-0.5,0.0013,-0.1133,0.146
0.125,-0.0999,0.2473,0.1634,-0.0054
0.075,-0.0999,0.0117,-0.4964,0.0957
0.0,-0.0999,0.209,-0.3542,0.1458
-0.05,-0.0999,0.3945,-0.4951,0.1716
0.125,-0.5,-0.065,-0.1461,-0.1625
-0.5,-0.5,0.4298,0.3785,0.1038
0.0748,-0.0999,0.3182,-0.4909,0.1803
0.1,0.0999,0.3801,-0.4965,0.282
0.125,-0.5,0.2681,0.2399,0.0367
0.125,-0.0999,0.2541,0.1772,0.0136
0.125,-0.5,0.2047,0.1579,0.0282
-0.5,-0.5,0.0203,0.0469,-0.1795
0.0,-0.0999,0.0232,-0.1456,0.0953
-0.025,-0.0999,0.1888,0.104,-0.0148
-0.5,0.0999,-0.1038,-0.1922,-0.1954
-0.5,0.0999,-0.0981,-0.1833,-0.1472
0.0,-0.0999,0.0167,-0.1469,0.0922
-0.5,0.5,0.2626,0.2387,0.1822
0.0,-0.0999,0.0085,-0.1403,0.088
0.0468,-0.0999,0.2125,-0.4164,0.1591
-0.5,-0.0999,0.2365,0.115,0.0837
-0.5,-0.5,0.1098,-0.0382,0.3636
-0.125,-0.5,-0.1211,-0.1969,-0.2075
-0.5,-0.0999,-0.1156,-0.1926,-0.0435
-0.5,-0.5,0.1764,0.008,0.0919
-0.5,-0.0999,-0.0387,0.1175,0.0949
-0.5,0.0999,-0.0463,-0.0401,0.0939
-0.0324,-0.5,-0.0548,-0.1581,-0.168
-0.025,-0.5,-0.083,-0.1785,-0.2522
-0.5,-0.0999,0.0218,-0.1266,0.0915
-0.5,-0.5,0.0093,-0.4407,-0.3728
-0.5,0.5,0.2496,0.1826,0.3299
-0.5,-0.0999,0.1779,-0.4957,0.0815
-0.5,-0.5,0.0176,-0.0997,0.1306
-0.5,-0.5,0.1446,0.0053,0.4345
0.075,-0.0999,0.2033,0.082,0.1641
-0.125,-0.5,-0.0446,-0.1314,-0.0541
0.075,-0.0999,0.1987,9.0E-4,0.1633
0.0,-0.0999,0.001,-0.1629,0.0843
0.075,-0.0999,0.2022,0.0808,0.1646
0.5,-0.5,-0.0804,-0.1736,-0.338
-0.5,-0.5,-0.0267,-0.0189,-0.3271
-0.5,-0.0999,-0.0615,-0.1554,0.0511
-0.05,-0.5,0.0184,-0.0881,-0.068
-0.5,0.0999,-0.0045,-0.1113,0.2287
0.125,-0.0999,0.2956,0.2207,0.0793
-0.5,0.0999,-0.0224,-0.1322,0.2239
-0.025,-0.0999,0.2061,0.1242,-0.014
-0.5,-0.5,-0.011,-0.1827,-0.3046
0.0,-0.0999,0.1923,-0.2282,0.1443
0.125,-0.0999,0.2363,0.1588,-0.0064
0.4704,-0.5,0.3599,0.3081,0.1008
0.125,-0.0999,0.2555,0.1794,0.0201
0.4502,-0.5,0.3238,0.2585,0.0908
-0.5,0.0999,-0.0475,-0.3927,0.0932
-0.0838,-0.5,0.0156,-0.0825,-0.042
-0.1185,-0.5,0.1707,0.1266,-0.0257
0.0556,-0.0999,0.1993,-0.1913,0.1591
-0.5,-0.5,0.0598,-0.0629,0.0597
0.4749,-0.5,0.1574,0.0621,0.0556
0.125,-0.5,0.2931,0.2547,0.0397
-0.5,-0.5,0.0873,0.0347,-0.1859
-0.5,0.5,-0.1095,-0.204,-0.0806
0.125,-0.0999,0.2507,0.1764,0.0156
0.125,-0.5,-0.0204,-0.107,-0.0694
0.075,-0.0999,0.1956,-0.1167,0.1629
-0.5,-0.5,-0.0093,-0.2157,-0.4292
-0.5,-0.0999,-0.1036,-0.1928,-0.1991
-0.05,-0.0999,0.4107,-0.4951,0.1817
0.125,-0.5,0.2836,0.2594,0.039
0.0652,-0.0999,0.1636,-0.4817,0.1517
0.0,-0.0999,0.1565,-0.1075,0.1413
-0.5,-0.5,-7.0E-4,-0.3184,-0.3188
0.075,-0.0999,0.2002,0.0289,0.1636
0.0,-0.0999,0.0074,-0.1473,0.0874
-0.5,-0.5,0.0927,-0.0318,0.1101
0.125,-0.5,0.3084,0.289,0.0435
-0.5,0.5,0.3663,0.3717,-0.0351
0.0,-0.0999,0.3072,-0.4902,0.1538
0.1,0.0999,0.1993,-0.4964,0.2584
-0.5,0.0999,-0.0427,-0.4964,0.2175
0.125,-0.5,0.0608,-0.0232,-0.007
-0.5,0.0999,-0.0426,-0.4317,0.0918
-0.5,0.5,0.4388,0.4469,0.0215
-0.125,-0.5,0.0709,0.0088,-0.0247
-0.5,-0.0999,-0.0577,-0.1551,0.0502
-0.5,-0.0999,-0.1099,-0.1951,-0.128
-0.5,-0.5,-1.0E-4,-0.121,0.2126
-0.5,0.0999,-0.0862,-0.1682,-0.1922
-0.5,0.0999,-0.0783,-0.1743,0.0875
-0.5,0.0999,-0.0485,-0.3374,0.0938
-0.5,-0.5,0.1761,0.0185,0.2399
0.125,-0.5,-0.0684,-0.149,-0.1715
0.125,-0.0999,0.3705,0.2955,0.1684
-0.5,0.5,-0.1172,-0.2128,-0.1516
-0.5,0.5,0.1795,0.0286,0.469
0.5,-0.5,0.1977,0.1504,0.0502
-0.5,-0.5,0.2071,0.1821,-0.1276
-0.5,0.0999,-0.0462,-0.2771,0.0924
-0.5,-0.0999,0.3499,-0.4957,0.1349
0.0,-0.0999,0.1895,-0.2232,0.1445
-0.5,-0.5,0.0066,-0.4174,-0.4147
0.125,-0.0999,0.3176,0.2427,0.1063
-0.5,-0.0999,0.1209,-0.0085,0.0886
-0.5,-0.0999,-0.078,-0.1698,0.0423
-0.5,0.0999,-0.0429,-0.4965,0.2147
0.0,-0.0999,0.2783,-0.4855,0.1517
-0.5,0.5,-0.0446,-0.1605,0.2917
-0.5,0.0999,-0.1095,-0.1984,-0.105
-0.5,-0.0999,-0.039,0.0888,0.0949
-0.5,-0.5,0.057,-0.4965,-0.2968
0.45,-0.5,-0.0766,-0.1816,-0.2036
0.1,0.0999,0.1775,-0.4965,0.2545
0.45,-0.5,0.4092,0.3594,0.104
-0.05,-0.0999,0.4128,-0.4951,0.1831
0.4571,-0.5,-0.0617,-0.1591,-0.2213
0.125,-0.5,-0.0888,-0.1588,-0.2376
0.4683,-0.5,-0.0278,-0.1358,-0.0909
0.0,-0.0999,0.0023,-0.1702,0.0868
-0.5,-0.0999,-0.0238,-0.247,0.094
-0.5,-0.0999,0.3299,0.2603,0.114
0.45,-0.5,0.3095,0.2432,0.0976
0.4535,-0.5,0.2423,0.1595,0.0794
0.125,-0.5,0.2999,0.2621,0.0406
0.125,-0.0999,0.3639,0.2888,0.1605
0.0202,-0.0999,0.1943,-0.4149,0.1487
0.4794,-0.5,0.4487,0.4167,0.1149
-0.025,-0.0999,0.207,0.1252,-0.014
-0.5,-0.0999,-0.0473,-0.0476,0.0853
-0.5,0.0999,-0.0104,-0.1213,0.2348
-0.5,-0.5,-0.0026,-0.1237,0.2377
0.125,-0.0999,0.3604,0.2853,0.1565
-0.5,-0.5,-0.0437,-0.1439,0.0121
-0.5,-0.0999,0.3627,0.2891,0.1502
-0.5,0.5,0.2595,0.2337,0.1975
-0.5,-0.0999,-0.0949,-0.1831,-0.0111
-0.5,-0.5,0.0349,-0.0979,-0.1253
-0.5,-0.5,0.0888,0.082,-0.1655
0.075,-0.0999,0.1992,-0.0144,0.1633
0.125,-0.0999,0.3186,0.2439,0.1076
0.0426,-0.0999,0.1962,-0.2162,0.1557
-0.5,-0.5,-0.0461,-0.1187,-0.3402
-0.025,-0.5,-0.0914,-0.1794,-0.2554
0.0391,-0.0999,0.1984,-0.2493,0.1547
0.45,-0.5,0.2531,0.1726,0.081
-0.5,0.0999,-0.0472,-0.425,0.0929
0.0,-0.0999,0.1438,-0.1263,0.1392
-0.5,-0.0999,0.0675,-0.4957,0.0868
0.075,-0.0999,0.3577,-0.4952,0.185
-0.5,-0.0999,0.039,-0.1008,0.0913
-0.125,-0.5,-0.1204,-0.1876,-0.2193
-0.5,0.0999,-0.0804,-0.1874,0.1149
0.1,0.2001,0.4571,-0.4964,0.3146
-0.5,-0.5,0.0921,-0.0584,0.3637
0.0,-0.0999,0.0017,-0.1652,0.0867
-0.5,-0.5,-0.1155,-0.1846,-0.1976
-0.5,0.0999,-0.0474,-0.3273,0.0932
0.0505,-0.0999,0.3117,-0.4924,0.1716
-0.5,0.0999,-0.05,-0.4953,0.092
0.1,0.2001,0.4102,-0.4964,0.2863
-0.125,-0.5,-0.034,-0.13,-0.0399
0.125,-0.0999,0.3505,0.2758,0.1457
0.0,-0.0999,0.1881,-0.2322,0.148
0.0,-0.0999,0.2841,-0.3603,0.1522
0.1,0.2001,0.4571,-0.4964,0.3146
0.075,-0.0999,0.2038,0.0941,0.1642
-0.5,-0.0999,-0.0302,0.421,0.0945
-0.5,-0.5,0.0148,-0.4678,-0.4
0.075,-0.0999,0.1288,-0.4869,0.1461
0.1,0.2001,0.4691,-0.4964,0.3227
0.4677,-0.5,0.1613,0.0524,0.0555
-0.025,-0.0999,0.1449,0.0505,-0.0222
-0.5,-0.5,-0.0219,0.0104,-0.3258
0.075,-0.0999,0.1808,-0.3324,0.1588
0.075,-0.0999,0.2018,-0.2422,0.164
-0.5,0.5,0.4634,0.4684,0.0647
-0.5,0.0999,-0.0474,-0.3827,0.093
0.0744,-0.0999,0.2166,-0.416,0.1666
0.0,-0.0999,0.2079,-0.449,0.1456
-0.5,-0.5,0.1032,-0.0413,0.2931
-0.5,-0.5,0.214,0.0356,0.1949
-0.05,-0.0999,0.4139,-0.4951,0.1855
0.125,-0.0999,0.2677,0.1908,0.0407
0.125,-0.5,0.0121,-0.0738,-0.0387
-0.5,0.0999,-0.0475,-0.3726,0.0933
-0.5,0.0999,-0.0421,-0.4965,0.2168
-0.025,-0.0999,0.2085,0.1272,-0.0138
-0.5,-0.0999,0.0011,-0.1352,0.0838
-0.1092,-0.5,-0.0352,-0.1282,-0.0682
-0.5,0.0999,-0.0834,-0.1828,0.0572
-0.5,-0.5,-0.3462,-0.3269,-0.4875
-0.5,-0.5,-0.1747,-0.1963,-0.2447
-0.125,-0.5,-0.1289,-0.2056,-0.214
0.0,-0.0999,0.1505,-0.1118,0.1402
-0.5,-0.0999,-0.0226,-0.4146,0.0938
0.0,-0.0999,0.0099,-0.1439,0.0885
-0.0386,-0.5,-0.0607,-0.157,-0.2042
-0.5,0.0999,-0.1002,-0.1795,-0.1179
0.45,-0.5,-0.0439,-0.1564,-0.1039
0.125,-0.0999,0.2494,0.173,0.0121
-0.1017,-0.5,-0.1173,-0.1999,-0.2181
-0.5,-0.5,-9.0E-4,-0.3348,-0.423
-0.5,-0.5,-0.0205,0.0269,-0.3256
-0.5,-0.5,0.0405,0.0241,-0.1796
2.0E-4,-0.0999,0.2857,-0.424,0.1527
0.0297,-0.0999,0.1854,-0.15,0.1513
0.0,-0.0999,0.0372,-0.143,0.101
0.4614,-0.5,-0.0325,-0.1428,-0.0828
0.075,-0.0999,0.3876,-0.4952,0.1874
-0.5,-0.0999,0.3816,0.3056,0.1668
-0.025,-0.5,0.0578,-0.052,-0.0375
0.125,-0.0999,0.344,0.2692,0.138
-0.5,-0.5,0.4448,0.4061,0.0693
-0.5,0.0999,-0.0427,-0.4965,0.2146
-0.5,0.0999,-0.0474,-0.2891,0.0934
0.075,-0.0999,0.2033,0.1001,0.1645
0.4548,-0.5,0.2434,0.1618,0.0802
0.4538,-0.5,0.3958,0.3462,0.1035
0.075,-0.0999,0.1389,-0.487,0.1497
-0.5,-0.5,0.3191,0.3045,0.0439
-0.125,-0.5,-0.1215,-0.1972,-0.2087
-0.5,-0.0999,0.1276,0.0018,0.0882
-0.5,0.0999,-0.1014,-0.1876,-0.0579
-0.5,-0.5,0.1608,0.1345,-0.148
-0.5,-0.5,2.0E-4,-0.3162,-0.3197
-0.5,-0.0999,-0.0228,-0.3619,0.0938
0.4542,-0.5,0.0867,-0.0243,0.0272
-0.5,-0.5,0.3123,0.2953,0.0236
-0.5,-0.5,-0.0232,-0.1296,0.0356
0.075,-0.0999,0.0659,-0.4963,0.1265
0.0354,-0.0999,0.1874,-0.2455,0.1517
0.0,-0.0999,0.284,-0.3265,0.152
0.4711,-0.5,0.0255,-0.0811,-0.0211
0.125,-0.0999,0.3092,0.2344,0.0957
-0.5,-0.5,0.1075,-0.017,0.1599
0.125,-0.0999,0.3497,0.275,0.1446
0.0,-0.0999,0.2845,-0.3865,0.1526
0.125,-0.0999,0.2967,0.222,0.0802
-0.125,-0.5,0.0401,-0.0362,-0.0263
-0.5,-0.0999,0.3927,0.3149,0.1833
-0.125,-0.5,-0.0641,-0.1543,-0.0774
0.125,-0.0999,0.3574,0.2824,0.1532
-0.5,-0.5,0.4782,0.4512,0.1132
-0.5,-0.5,0.2274,0.0453,0.2463
0.4909,-0.5,0.2049,0.1296,0.0789
-0.5,-0.5,-0.0628,-0.1407,-0.3364
-0.5,-0.0999,-0.0885,-0.1785,0.001
0.125,-0.0999,0.2334,0.1561,-0.009
0.0334,-0.0999,0.2201,-0.4018,0.1554
0.0,-0.0999,0.0407,-0.1421,0.1023
-0.05,-0.0999,0.396,-0.495,0.1723
0.075,-0.0999,0.2061,-0.2944,0.1644
-0.125,-0.5,-0.1194,-0.1958,-0.203
0.0516,-0.0999,0.1832,-0.3743,0.1542
0.0012,-0.0999,0.1457,-0.1136,0.1396
-0.5,0.0999,-0.0464,-0.4965,0.1824
-0.5,0.0999,-0.0475,-0.2913,0.0935
0.1,0.0999,0.007,-0.4965,0.2203
-0.5,-0.5,0.2589,0.0717,0.4452
0.125,-0.5,-0.0684,-0.1491,-0.1702
0.125,-0.5,-0.0455,-0.1292,-0.0998
-0.5,-0.0999,0.2129,0.1795,0.088
-0.5,0.0999,-0.1003,-0.1796,-0.1096
-0.025,-0.0999,0.1367,0.0418,-0.0239
-0.5,0.0999,-0.0464,-0.0422,0.0939
0.5,-0.5,-0.0536,-0.1477,-0.2418
-0.1249,-0.5,0.0783,0.0043,-0.0246
-0.5,-0.5,0.3179,0.3038,0.0417
0.125,-0.5,-0.0864,-0.1564,-0.2341
-0.5,-0.0999,-0.0402,0.1434,0.0981
-0.5,-0.5,0.3295,0.3011,-0.069
0.075,-0.0999,0.2023,-0.2286,0.164
0.4518,-0.5,-0.0628,-0.1647,-0.2085
0.075,-0.0999,0.1983,-0.1187,0.1629
-0.5,-0.0999,0.0288,-0.0715,0.0917
0.125,-0.5,0.1899,0.125,0.0292
0.125,-0.5,0.0484,-0.035,-0.0146
0.075,-0.0999,0.2976,-0.4945,0.1791
-0.5,-0.0999,-0.1097,-0.1924,-0.0284
0.0,-0.0999,0.0289,-0.1446,0.0978
-0.5,0.0999,-0.0715,-0.1651,0.08
-0.5,0.0999,-0.0419,-0.1488,0.2007
-0.0407,-0.5,-0.0613,-0.1533,-0.2281
-0.05,-0.5,0.1935,0.1198,-0.0202
0.125,-0.5,0.121,0.0516,0.0103
0.0,-0.0999,0.0371,-0.1471,0.1008
0.075,-0.0999,0.0496,-0.4964,0.1169
0.125,-0.0999,0.3612,0.2861,0.1574
0.1,0.0999,-0.0162,-0.4965,0.2278
-0.5,-0.0999,-0.0354,0.219,0.0942
-0.5,-0.0999,-0.0315,0.4249,0.0955
-0.5,-0.5,0.1336,-0.0017,0.3008
-0.5,-0.5,-0.0224,-0.1043,-0.4366
0.4677,-0.5,0.4597,0.4239,0.1146
-0.5,-0.0999,0.105,-0.0241,0.0892
0.0273,-0.0999,0.2251,-0.4356,0.1543
0.4722,-0.5,0.202,0.1191,0.0679
0.0247,-0.0999,0.227,-0.4817,0.1524
0.075,-0.0999,0.1766,-0.3991,0.1583
-0.5,0.5,0.2464,0.186,0.3268
0.4642,-0.5,0.218,0.1301,0.0752
-0.5,0.5,-0.1072,-0.2052,-0.0422
-0.5,0.0999,-0.0433,-0.4935,0.215
-0.5,-0.0999,0.3815,0.3055,0.1667
0.125,-0.5,0.2172,0.1665,0.0331
-0.5,-0.0999,0.2703,-0.4957,0.0892
0.075,-0.0999,0.0669,-0.4963,0.127
-0.125,-0.5,-0.0974,-0.1779,-0.1603
-0.5,-0.5,0.1908,0.1782,-0.1154
0.0,-0.0999,0.1254,-0.1229,0.1355
0.1,0.2001,0.4212,-0.4964,0.289
0.0,-0.0999,0.198,-0.3902,0.1451
-0.5,-0.0999,-0.1133,-0.1968,-0.1398
-0.5,-0.5,0.2604,0.0784,0.4576
0.0,-0.0999,9.0E-4,-0.169,0.0916
0.4585,-0.5,-0.0546,-0.1621,-0.134
-0.5,-0.0999,0.1025,-0.4958,0.0843
-0.5,0.5,0.257,0.2108,0.2639
-0.125,-0.5,0.1944,0.1494,-0.0232
0.075,-0.0999,0.1656,-0.4694,0.1557
-0.5,0.5,0.4532,0.4599,0.0427
-0.5,-0.5,0.0895,-0.0605,0.3011
-0.5,0.0999,-0.0548,-0.1525,0.1397
-0.5,0.0999,-0.0471,-0.2455,0.0935
-0.025,-0.0999,0.1414,0.0467,-0.0226
-0.5,-0.5,-0.0065,-0.2632,-0.4271
-0.5,0.0999,-0.0913,-0.1724,-0.1962
-0.5,-0.5,-0.0471,-0.1058,-0.2199
0.125,-0.0999,0.2327,0.1552,-0.0095
-0.5,-0.0999,-0.1091,-0.1941,-0.1044
-0.0373,-0.5,-0.0173,-0.1251,-0.0996
-0.5,0.5,-0.1117,-0.2002,-0.1545
0.075,-0.0999,0.2012,0.0455,0.1638
-0.5,-0.5,-0.0344,-0.1378,0.0495
-0.1244,-0.5,0.1195,0.0593,-0.026
-0.5,-0.0999,-0.0835,-0.1742,0.019
-0.5,-0.0999,-0.0847,-0.1751,0.0201
-0.5,-0.5,-0.0447,-0.1341,-0.2467
0.0318,-0.0999,0.2415,-0.3638,0.157
0.1,0.0999,0.175,-0.4964,0.2541
0.4681,-0.5,0.0089,-0.1027,-0.0384
-0.5,-0.0999,0.0112,-0.4946,0.0907
-0.5,-0.0999,-0.0918,-0.1775,0.0479
0.125,-0.5,0.2157,0.171,0.0297
0.075,-0.0999,0.2005,0.0307,0.1636
0.5,-0.5,-0.0781,-0.1716,-0.3397
0.075,-0.0999,0.1875,-0.1741,0.1612
-0.5,-0.5,-0.0534,-0.1507,-0.0599
0.125,-0.0999,0.3823,0.3073,0.1806
0.1,0.1658,0.4113,-0.4965,0.2914
0.0,-0.0999,0.1963,-0.3702,0.1449
-0.125,-0.5,-0.0455,-0.1379,-0.0514
0.0,-0.0999,0.2883,-0.3337,0.1508
0.45,-0.5,-0.0402,-0.1334,-0.2366
-0.05,-0.5,0.2441,0.1858,-0.0147
0.45,-0.5,0.3346,0.2658,0.0946
0.4885,-0.5,0.2791,0.2209,0.0961
-0.5,-0.5,0.0329,-0.0875,0.1163
0.075,-0.0999,0.1998,-0.0347,0.1634
0.125,-0.0999,0.3058,0.2309,0.0908
0.4627,-0.5,0.1835,0.096,0.071
-0.5,0.5,0.3981,0.405,-0.0172
-0.5,-0.5,-0.0912,-0.172,-0.1499
-0.5,-0.5,0.1586,0.1222,-0.146
0.4735,-0.5,0.0261,-0.0828,-0.0245
-0.5,0.5,-0.0234,-0.1503,0.357
0.4823,-0.5,0.4546,0.4247,0.1163
0.125,-0.0999,0.2473,0.1709,0.0093
-0.5,-0.0999,0.3759,0.2972,0.1395
0.075,-0.0999,0.1925,-0.1324,0.1623
0.0,-0.0999,0.0948,-0.1339,0.128
-0.05,-0.0999,0.4139,-0.4933,0.1739
-0.5,-0.0999,0.1203,-0.496,0.0821
0.075,-0.0999,-0.0082,-0.4941,0.0781
-0.5,-0.0999,0.0317,-0.1119,0.0907
0.4511,-0.5,0.4089,0.36,0.1046
0.125,-0.5,0.051,-0.0316,-0.0142
-0.5,-0.5,0.0694,-0.0733,0.1813
-0.5,-0.0999,0.386,0.3095,0.1733
-0.5,0.5,-0.1035,-0.2007,-0.0188
-0.05,-0.5,0.2656,0.2108,-0.0127
-0.5,0.0999,-0.0431,-0.4957,0.2241
0.0,-0.0999,0.0102,-0.1475,0.0888
0.0,-0.0999,0.0018,-0.1719,0.0863
0.125,-0.0999,0.251,0.1681,-0.0018
0.125,-0.5,0.1932,0.1437,0.026
-0.025,-0.5,-0.0704,-0.1739,-0.1958
-0.5,-0.5,0.1062,-0.0334,0.0321
0.0,-0.0999,0.226,-0.4908,0.1504
-0.025,-0.0999,0.156,0.0639,-0.0204
0.125,-0.5,0.0732,-0.0061,-0.0046
0.4802,-0.5,0.3824,0.3383,0.1066
-0.05,-0.5,0.2606,0.2062,-0.012
-0.5,-0.0999,-0.0495,-0.0254,0.094
-0.5,-0.5,0.3457,0.3125,-0.0549
0.0,-0.0999,0.1638,-0.1044,0.1423
-0.05,-0.5,-0.0397,-0.1331,-0.1884
0.4548,-0.5,0.3469,0.2895,0.0966
-0.5,-0.5,0.0072,-0.1072,0.2454
0.075,-0.0999,0.0506,-0.4963,0.1188
-0.5,-0.0999,0.3811,-0.4957,0.164
-0.5,-0.0999,-0.0293,0.4528,0.0947
-0.5,-0.5,0.373,0.3501,-0.036
0.125,-0.5,-0.0474,-0.1327,-0.1138
0.1,0.0999,0.3458,-0.4965,0.2794
-0.5,-0.5,0.1988,0.1716,-0.0822
-0.5,0.0999,-0.1129,-0.202,-0.1573
0.1,0.0999,0.0021,-0.4955,0.2121
0.1,0.0999,-0.0389,-0.4966,0.2424
0.0,-0.0999,0.1913,-0.212,0.1431
-0.5,0.0999,-0.1016,-0.1874,-0.1976
-0.5,0.5,-0.0924,-0.186,0.0405
0.075,-0.0999,0.209,0.1227,0.1637
-0.5,0.0999,-0.0661,-0.1647,0.1354
0.45,-0.5,-0.0402,-0.1397,-0.1991
-0.5,-0.0999,0.3542,-0.4958,0.1249
-0.125,-0.5,0.0341,-0.0512,-0.0256
-0.5,-0.5,-0.1004,-0.1828,-0.1716
0.075,-0.0999,0.1264,-0.4929,0.146
0.075,-0.0999,0.1999,0.0304,0.1635
0.125,-0.0999,0.3519,0.2757,0.1452
0.125,-0.0999,0.2292,0.1601,-0.0093
-0.5,0.5,0.3288,0.3316,-0.0295
-0.5,-0.0999,0.1141,-0.0131,0.089
-0.5,0.0999,-0.0855,-0.1716,0.0143
0.45,-0.5,-0.0374,-0.1493,-0.0836
-0.125,-0.5,0.1513,0.1032,-0.0261
-0.125,-0.5,0.1767,0.14,-0.0263
0.0,-0.0999,0.0096,-0.144,0.0755
-0.5,-0.5,-0.0578,-0.1548,-0.0372
-0.5,-0.5,0.3314,0.2795,-0.0594
-0.5,0.0999,-0.0137,-0.1332,0.2518
-0.5,0.0999,-0.0887,-0.1801,0.0411
0.45,-0.5,0.2246,0.1367,0.0744
-0.5,0.5,0.3946,0.4016,-0.0247
0.125,-0.5,7.0E-4,-0.087,-0.0449
-0.5,-0.0999,0.2202,0.0946,0.0845
-0.5,0.5,-0.111,-0.2046,-0.0997
-0.5,-0.5,-0.0342,-0.1111,-0.2363
-0.5,-0.0999,-0.0379,0.1443,0.0948
-0.5,-0.5,0.1188,-0.0343,-0.0162
0.075,-0.0999,0.391,-0.4952,0.1876
0.075,-0.0999,0.1936,-0.2283,0.1621
0.478,-0.5,0.0604,-0.0473,0.0045
0.075,-0.0999,0.0099,-0.4964,0.0933
0.125,-0.5,-0.0222,-0.1088,-0.0713
-0.5,-0.5,-0.4167,-0.4026,-0.4931
-0.5,-0.0999,-0.099,-0.1902,-0.1671
0.075,-0.0999,0.2051,-0.3302,0.1641
0.1,0.0999,0.1102,-0.4965,0.2419
0.125,-0.5,-0.0418,-0.1274,-0.1035
-0.5,-0.0999,-0.0422,0.0297,0.0945
0.0,-0.0999,0.0181,-0.1392,0.0797
0.0414,-0.0999,0.1971,-0.2525,0.1551
0.1,0.1761,0.426,-0.4964,0.2989
-0.5,-0.0999,-0.0223,-0.1367,0.0691
-0.025,-0.0999,0.2096,0.1283,-0.0138
-0.5,-0.5,0.261,0.076,0.4553
-0.5,0.0999,-0.0464,-0.0412,0.0939
0.0162,-0.0999,0.1963,-0.4305,0.148
-0.5,-0.5,0.3376,0.3134,-0.0624
-0.5,-0.5,0.0039,-0.1247,0.2547
-0.5,-0.0999,-0.0365,0.2446,0.0965
-0.5,-0.0999,-0.0233,-0.3004,0.0939
0.0616,-0.0999,0.1714,-0.4673,0.153
-0.5,-0.0999,-0.038,0.1487,0.0949
-0.0052,-0.0999,0.3937,-0.4955,0.1751
-0.0353,-0.5,0.0465,-0.0616,-0.0455
-0.1073,-0.5,-0.0783,-0.1682,-0.1263
0.125,-0.5,0.0555,-0.0268,-0.012
-0.5,0.5,-0.1025,-0.2008,-0.0038
-0.5,0.5,0.0184,-0.1045,0.3912
-0.5,-0.0999,0.3785,0.3028,0.1632
0.0,-0.0999,0.193,-0.3153,0.1446
-0.5,-0.5,-0.0302,-0.0456,-0.328
-0.5,-0.0999,0.2874,0.2233,0.0964
0.125,-0.0999,0.2247,0.1473,-0.011
-0.5,-0.0999,0.1297,-0.4957,0.0835
-0.5,0.0999,-0.03,-0.1405,0.2201
0.0,-0.0999,0.0016,-0.1633,0.0864
-0.5,-0.5,0.2551,0.0636,0.423
-0.5,-0.5,-0.0131,-0.1343,-0.1725
0.125,-0.0999,0.3586,0.2835,0.1545
0.4992,-0.5,0.4789,0.4689,0.123
-0.0497,-0.0999,0.4095,-0.4951,0.1807
0.125,-0.0999,0.2553,0.1792,0.0198
-0.5,-0.0999,-0.1206,-0.2003,-0.2004
0.125,-0.5,-0.0308,-0.1173,-0.083
0.1,0.0999,0.0422,-0.4965,0.2277
-0.5,-0.0999,-0.103,-0.1871,0.0177
-0.5,-0.5,0.2638,0.2285,-0.047
0.1,0.0999,0.1961,-0.4964,0.2584
0.125,-0.5,0.2868,0.2785,0.0401
-0.5,0.5,0.485,0.4792,0.1204
0.4995,-0.5,0.3441,0.3128,0.0984
0.1,0.2001,0.4619,-0.4959,0.325
0.075,-0.0999,0.1777,-0.3864,0.1585
-0.5,-0.0999,-0.0369,0.1754,0.0946
-0.5,0.0999,-0.0992,-0.1787,-0.093
-0.5,-0.5,-0.0859,-0.1747,-0.2216
-0.05,-0.5,0.2137,0.1465,-0.0177
0.0277,-0.0999,0.2747,-0.4506,0.1596
-0.5,-0.0999,0.3752,-0.4943,0.1691
0.0333,-0.0999,0.2029,-0.4752,0.1517
-0.5,0.0999,-0.0199,-0.1363,0.2416
-0.5,0.5,-0.102,-0.1996,-0.249
0.0,-0.0999,0.1746,-0.0956,0.1435
0.125,-0.0999,0.3042,0.2294,0.09
0.45,-0.5,0.4238,0.3698,0.1008
-0.5,-0.5,0.2531,0.0633,0.3935
-0.5,-0.0999,-0.0231,-0.3536,0.0949
-0.5,-0.0999,-0.0231,-0.3388,0.0938
0.45,-0.5,-0.0488,-0.159,-0.1085
-0.5,0.5,0.2785,0.267,0.1004
-0.5,-0.0999,0.1316,-0.4957,0.0831
-0.5,-0.5,0.018,-0.0942,0.1874
-0.5,-0.5,-0.0514,-0.1545,-0.0967
0.125,-0.5,0.2576,0.2263,0.0352
-0.5,0.5,0.4315,0.4387,0.0109
-0.5,-0.5,0.453,0.4096,0.1047
-0.025,-0.0999,0.1904,0.1148,-0.0143
-0.5,-0.0999,-0.0711,-0.1811,-0.1988
-0.5,-0.5,0.4197,0.3837,0.0274
0.1,0.0999,-0.0353,-0.4965,0.2364
0.125,-0.0999,0.2819,0.2068,0.0588
-0.05,-0.5,-0.0072,-0.1125,-0.0986
-0.025,-0.5,-0.0781,-0.1778,-0.2141
0.125,-0.0999,0.3332,0.2584,0.1255
0.125,-0.0999,0.3283,0.2535,0.1201
0.075,-0.0999,0.2308,-0.4513,0.169
-0.5,-0.5,-0.0233,0.0267,-0.3256
-0.5,0.5,0.2619,0.0908,0.4456
-0.5,-0.0999,0.1727,0.0515,0.0862
0.0,-0.0999,0.0501,-0.1377,0.108
-0.125,-0.5,-0.0817,-0.1691,-0.1078
-0.0356,-0.5,-0.0102,-0.1186,-0.0929
0.4749,-0.5,0.2187,0.1312,0.0768
-0.5,0.5,0.0146,-0.1243,0.4356
0.0,-0.0999,0.1813,-0.0808,0.1435
-0.5,-0.5,-0.109,-0.1888,-0.1828
-0.5,-0.5,0.1392,3.0E-4,0.4838
0.125,-0.0999,0.3716,0.2962,0.1693
-0.5,-0.5,0.0013,-0.3863,-0.4187
-0.125,-0.5,-0.1196,-0.196,-0.2034
-0.5,0.5,-0.1068,-0.2039,-0.0438
0.125,-0.0999,0.3668,0.291,0.1637
-0.5,-0.5,-0.4047,-0.39,-0.4923
0.0,-0.0999,0.0715,-0.1385,0.1213
-0.5,0.0999,-0.046,-0.4965,0.1888
0.0626,-0.0999,0.1987,-0.099,0.1604
0.125,-0.0999,0.2322,0.1548,-0.0097
0.0,-0.0999,0.2843,-0.4043,0.1524
0.4767,-0.5,0.3216,0.27,0.1044
-0.5,0.5,0.2561,0.2228,0.2282
-0.5,-0.0999,-0.1064,-0.1924,-0.0901
-0.5,-0.0999,0.212,0.18,0.0881
0.125,-0.0999,0.2887,0.2139,0.0696
0.125,-0.0999,0.3588,0.2837,0.1547
-0.5,-0.5,0.252,0.2088,-0.1208
0.0444,-0.0999,0.2268,-0.4782,0.1594
-0.5,0.5,-0.0649,-0.1649,0.1876
0.0,-0.0999,0.3464,-0.4961,0.158
0.0,-0.0999,0.1754,-0.0938,0.1435
-0.5,-0.0999,-0.1098,-0.1924,-0.0306
-0.5,-0.0999,0.0126,-0.1313,0.0924
-0.5,0.5,0.2626,0.24,0.1789
0.1,0.1775,0.4233,-0.4965,0.2958
-0.5,-0.0999,0.1445,-0.4957,0.0834
0.075,-0.0999,0.2137,-0.1805,0.1668
0.125,-0.0999,0.3175,0.2428,0.1061
-0.5,-0.0999,0.0522,-0.0865,0.0909
-0.5,0.5,0.2541,0.1379,0.4041
-0.025,-0.0999,0.1596,0.0734,-0.0196
-0.5,-0.5,-0.4015,-0.387,-0.4921
-0.1041,-0.5,0.1598,0.1033,-0.0249
0.075,-0.0999,0.2185,-0.2995,0.1676
0.0,-0.0999,0.0677,-0.1324,0.1128
-0.5,-0.5,-0.0391,-0.0782,-0.3303
0.075,-0.0999,0.338,-0.4949,0.1821
-0.5,0.0999,-0.1123,-0.2036,-0.147
-0.025,-0.0999,0.1518,0.0587,-0.021
-0.5,0.5,0.2966,0.2918,0.0402
-0.5,-0.5,-0.0919,-0.181,-0.2343
-0.5,-0.5,-0.1044,-0.1321,-0.4567
0.125,-0.0999,0.2744,0.199,0.0475
0.1,0.2001,0.4715,-0.4964,0.3248
-0.025,-0.5,0.0192,-0.0951,-0.0517
-0.5,-0.5,0.2003,0.0254,0.153
-0.125,-0.5,-0.0452,-0.1377,-0.0503
-0.5,0.0999,-0.0474,-0.3089,0.0935
-0.0273,-0.5,0.1356,0.0337,-0.0258
-0.5,-0.5,0.201,0.1727,-0.0345
-0.5,0.0999,-0.0845,-0.1769,0.0581
-0.5,-0.5,0.0954,0.0547,-0.1834
-0.5,0.0999,-0.0477,-0.4405,0.0931
-0.5,-0.0999,-0.0814,-0.1731,0.031
0.075,-0.0999,0.198,-0.2735,0.1627
-0.5,-0.0999,0.2363,0.1313,0.0849
-0.5,0.0999,-0.0478,-0.3962,0.0931
-0.5,-0.0999,0.0166,-0.495,0.0903
-0.025,-0.0999,0.1833,0.0967,-0.0159
-0.025,-0.0999,0.2008,0.1178,-0.0145
-0.1081,-0.5,0.1782,0.131,-0.0244
-0.5,0.5,-0.0247,-0.1459,0.3432
-0.5,-0.5,0.1525,-6.0E-4,0.1297
-0.5,-0.5,0.1499,-0.0114,0.0391
-0.5,0.5,-0.1016,-0.2084,0.0525
0.125,-0.5,0.1045,0.0308,0.0061
0.4777,-0.5,0.0884,-0.0203,0.0292
-0.5,0.0999,-0.0078,-0.118,0.2342
0.075,-0.0999,0.2024,0.0636,0.164
-0.0369,-0.5,-0.0679,-0.1602,-0.2375
-0.5,-0.0999,-0.024,-0.2018,0.0941
0.125,-0.0999,0.2996,0.2248,0.0838
0.075,-0.0999,0.2134,-0.1734,0.1667
-0.5,-0.5,0.0272,-0.4921,-0.3551
-0.5,-0.5,-0.0233,-0.0962,-0.2296
-0.5,-0.5,0.2581,0.071,0.4391
-0.5,0.5,-0.0904,-0.1892,0.075
0.125,-0.0999,0.3758,0.3002,0.1738
-0.5,-0.5,0.1356,0.1355,-0.1437
-0.5,0.0999,-0.0489,-0.4871,0.0935
-0.5,-0.0999,-0.1036,-0.1907,-0.0905
-0.5,-0.0999,-0.0705,-0.1823,-0.1985
-0.5,-0.5,0.029,-0.0465,-0.2103
-0.1079,-0.5,0.1627,0.1098,-0.025
-0.5,-0.0999,0.0586,0.0248,0.091
-0.05,-0.0999,0.4086,-0.4949,0.1897
-0.5,0.0999,-0.0981,-0.1855,-0.0329
-0.5,-0.0999,0.1832,0.0652,0.0868
0.1,0.0999,0.0567,-0.4965,0.2309
0.45,-0.5,-0.0293,-0.1388,-0.117
-0.5,-0.0999,0.1749,-0.4957,0.0825
-0.5,-0.5,0.1176,0.0825,-0.1611
-0.5,-0.5,-0.0542,-0.1529,-0.0655
0.125,-0.5,0.1492,0.0907,0.0168
-0.5,-0.5,-0.0275,-0.0235,-0.3273
-0.5,0.0999,-0.0455,-0.1177,0.0926
-0.5,-0.5,-0.0061,-0.2677,-0.4269
-0.5,-0.0999,-0.1203,-0.1999,-0.107
-0.5,-0.0999,-0.0348,0.2567,0.0941
0.125,-0.5,0.1862,0.1274,0.0276
0.0454,-0.0999,0.2063,-0.2931,0.1569
0.458,-0.5,-0.0885,-0.1837,-0.2559
-0.5,-0.5,-0.0035,-0.2979,-0.3203
-0.5,0.0999,-0.0464,-0.0415,0.0939
-0.5,-0.0999,-0.1308,-0.2039,-0.1825
-0.5,-0.0999,-0.0396,0.0971,0.095
-0.5,0.0999,-0.1089,-0.1956,-0.0194
-0.5,-0.5,-0.0287,-0.1032,-0.2255
0.075,-0.0999,-0.0041,-0.4965,0.0847
-0.5,0.5,-0.0346,-0.1633,0.3444
0.489,-0.5,-0.0214,-0.1213,-0.1181
0.0131,-0.0999,0.172,-0.1051,0.1461
0.125,-0.0999,0.2747,0.1912,0.0389
0.125,-0.5,-0.0553,-0.139,-0.1352
-0.0881,-0.5,0.0332,-0.0614,-0.037
-0.5,-0.5,0.3857,0.3729,-0.0228
0.1,0.0999,0.0492,-0.4965,0.2296
-0.5,0.5,0.0452,-0.089,0.4348
-0.5,-0.0999,0.3871,0.3104,0.1755
-0.5,-0.5,0.2007,0.1727,-0.0305
-0.5,-0.0999,-0.0237,0.0967,0.093
0.4643,-0.5,-0.045,-0.1516,-0.1143
-0.0679,-0.5,0.0274,-0.0736,-0.045
0.125,-0.5,-0.0237,-0.1101,-0.0734
0.4502,-0.5,0.4049,0.3548,0.1039
-0.125,-0.5,-0.1195,-0.1927,-0.212
-0.5,-0.5,-0.1564,-0.1618,-0.4653
-0.5,0.5,0.2581,0.1155,0.4232
-0.5,-0.5,0.1507,4.0E-4,0.1509
-0.5,-0.5,0.0036,-0.3789,-0.4198
-0.5,-0.0999,0.0723,-0.0617,0.0902
0.125,-0.5,-0.083,-0.1555,-0.2194
-0.5,0.5,-0.1014,-0.1922,-0.0352
-0.5,-0.5,0.2599,0.073,0.4542
0.483,-0.5,-0.0629,-0.1519,-0.2405
0.075,-0.0999,-0.0076,-0.4963,0.0739
0.0,-0.0999,0.3794,-0.4958,0.163
0.45,-0.5,0.4536,0.4083,0.106
-0.5,0.0999,-0.0992,-0.1911,0.0059
-0.5,-0.5,-0.0352,-0.1172,-0.44
-0.125,-0.5,-0.0705,-0.1638,-0.071
-0.5,-0.5,-0.3569,-0.3382,-0.4887
-0.5,0.5,0.2508,0.1635,0.3645
5.0E-4,-0.0999,0.2852,-0.4076,0.1526
0.125,-0.0999,0.2465,0.17,0.0081
-0.5,-0.5,0.1434,0.0086,0.3943
0.075,-0.0999,0.2161,-0.2137,0.1664
-0.5,0.5,0.0747,-0.0801,0.4725
-0.5,-0.5,-0.0611,-0.1844,-0.3568
-0.05,-0.5,-0.0602,-0.148,-0.2374
-0.5,-0.5,0.1339,6.0E-4,0.3046
0.125,-0.0999,0.2487,0.1723,0.0112
-0.5,-0.0999,-0.0234,-0.3183,0.094
-0.5,0.5,0.2517,0.1528,0.3842
-0.025,-0.0999,0.1691,0.0792,-0.0183
0.4781,-0.5,-0.0501,-0.1509,-0.1758
-0.033,-0.5,-5.0E-4,-0.1099,-0.0684
0.125,-0.5,0.0848,0.0076,-6.0E-4
-0.5,0.0999,-0.0472,-0.2715,0.0936
-0.5,-0.5,0.4323,0.3829,0.1041
-0.5,0.5,0.0424,-0.0846,0.4191
0.0085,-0.0999,0.1446,-0.1205,0.1405
-0.5,-0.5,0.3188,0.3045,0.0405
0.45,-0.5,0.1156,0.0064,0.0397
0.125,-0.0999,0.2873,0.2121,0.0665
-0.5,-0.5,-0.0031,-0.0518,-0.3234
-0.0354,-0.5,-0.0464,-0.1497,-0.1566
0.0,-0.0999,0.3197,-0.4847,0.1552
-0.05,-0.5,0.2507,0.1943,-0.0143
-0.5,-0.0999,-0.0207,-0.4908,0.0943
-0.5,-0.5,0.2869,0.2606,-0.0677
-0.5,-0.5,0.0813,-0.0627,-0.0692
-0.5,-0.0999,0.2119,0.1027,0.0855
0.0,-0.0999,0.1895,-0.2238,0.1442
-0.5,-0.5,0.3867,0.3461,-0.0205
-0.5,-0.0999,-0.1037,-0.1907,-0.0879
-0.025,-0.5,0.0623,-0.0436,-0.0333
0.0011,-0.0999,0.1921,-0.2949,0.1444
0.0,-0.0999,0.0077,-0.1473,0.0877
-0.5,-0.5,0.1956,0.0344,0.466
0.125,-0.5,-0.0273,-0.1139,-0.0775
0.1,0.2001,0.475,-0.4964,0.3273
-0.0374,-0.5,-0.0682,-0.1599,-0.2404
-0.5,-0.0999,0.3541,0.2812,0.1233
-0.025,-0.0999,0.1705,0.0813,-0.018
-0.5,0.0999,-0.0462,-0.0383,0.094
-0.125,-0.5,0.097,0.0273,-0.0248
-0.5,0.5,-0.0146,-0.1491,0.384
0.125,-0.5,-0.0541,-0.1378,-0.1325
-0.5,-0.0999,-0.0335,0.2874,0.0942
-0.5,-0.0999,0.3887,0.3117,0.1816
-0.5,0.5,-0.114,-0.2017,-0.1893
-0.5,0.5,-0.1255,-0.2226,-0.2804
-0.125,-0.5,-0.0787,-0.1633,-0.1089
0.1,0.0999,0.2756,-0.4964,0.2717
0.125,-0.5,-0.089,-0.1589,-0.2382
0.075,-0.0999,0.2146,-0.1059,0.1637
-0.5,0.0999,-0.0145,-0.1339,0.2513
-0.025,-0.0999,0.1527,0.0599,-0.0209
-0.5,-0.0999,-0.0226,-0.3911,0.0938
0.4792,-0.5,0.2537,0.1813,0.0833
-0.5,0.5,-0.0512,-0.1654,0.2717
-0.5,-0.5,0.0023,-0.3247,-0.3197
-0.5,-0.5,-0.1233,-0.1425,-0.4599
0.1,0.0999,0.0874,-0.4965,0.238
-0.5,0.0999,-0.0874,-0.179,0.0491
-0.5,-0.0999,-0.085,-0.1754,0.0124
0.075,-0.0999,0.206,0.1219,0.1645
0.125,-0.5,0.101,0.0274,0.0039
0.075,-0.0999,0.1944,-0.0219,0.1626
0.125,-0.5,0.1091,0.0371,0.0069
-0.05,-0.5,0.1692,0.0876,-0.023
0.075,-0.0999,0.2143,-0.1133,0.1654
0.075,-0.0999,0.323,-0.4951,0.1804
-0.5,-0.0999,0.3884,0.3115,0.1793
-0.1052,-0.5,0.196,0.154,-0.0234
0.125,-0.5,0.0323,-0.0524,-0.0239
-0.5,-0.0999,0.3786,0.297,0.1411
-0.5,0.0999,-0.1121,-0.2012,-0.125
-0.5,-0.0999,0.2184,0.1033,0.085
-0.5,-0.0999,-0.0637,-0.1626,0.0465
-0.5,-0.5,-0.0405,-0.1408,0.0622
0.4547,-0.5,0.4064,0.3591,0.1057
-0.5,0.0999,-0.0359,-0.1502,0.2306
-0.5,-0.5,-0.0178,0.0295,-0.3254
-0.5,-0.5,0.0019,-0.3678,-0.4207
0.0,-0.0999,0.2071,-0.4533,0.1455
-0.5,0.5,0.2564,0.1157,0.4321
-0.5,-0.5,0.2522,0.2534,-0.0559
-0.5,-0.0999,-0.0234,-0.3056,0.094
-0.025,-0.0999,0.2015,0.1186,-0.0144
-0.5,0.0999,-0.0468,-0.048,0.096
-0.07,-0.5,0.0909,-0.0011,-0.0283
0.4541,-0.5,-0.0851,-0.1835,-0.2391
-0.5,0.0999,-0.046,-0.3117,0.0923
-0.5,-0.5,0.2038,0.1623,-0.0242
-0.5,-0.0999,0.168,-0.4957,0.0818
-0.5,-0.5,0.2474,0.0595,0.3529
-0.5,0.5,-0.0634,-0.1847,0.2592
0.125,-0.0999,0.3509,0.2718,0.1396
0.0,-0.0999,0.007,-0.1473,0.0874
-0.5,-0.5,-0.1657,-0.1962,-0.2446
-0.125,-0.5,-0.1218,-0.1974,-0.2092
-0.5,-0.5,0.2098,0.1586,-0.1142
-0.025,-0.0999,0.1536,0.0608,-0.0209
-0.5,-0.0999,0.029,-0.1132,0.0916
0.4701,-0.5,0.1358,0.0319,0.0496
-0.5,0.0999,-0.0443,-0.4965,0.2042
-0.5,-0.5,-0.0581,-0.1555,-0.0347
-0.5,-0.5,0.0935,-0.0582,0.3408
-0.5,-0.5,0.0392,0.0406,-0.1788
-0.5,-0.5,-0.3015,-0.2809,-0.483
-0.5,-0.0999,-0.0809,-0.1728,0.0283
-0.5,-0.5,-0.0408,-0.1422,0.0811
-0.5,-0.5,0.2333,0.2062,-0.0809
0.1,0.2001,0.4307,-0.4938,0.286
-0.5,-0.5,0.0166,-0.0934,0.2272
-0.5,0.5,-0.0904,-0.1897,0.0796
-0.5,0.0999,-0.0433,-0.4966,0.2108
-0.5,0.0999,-0.0475,-0.3619,0.0931
0.4579,-0.5,0.4106,0.3643,0.1062
0.489,-0.5,-0.0771,-0.1641,-0.2479
0.075,-0.0999,0.2955,-0.4938,0.1775
0.125,-0.5,0.2175,0.1726,0.0307
-0.5,-0.0999,-0.0017,-0.4949,0.0915
0.048,-0.0999,0.2092,-0.3987,0.1586
0.0,-0.0999,0.0653,-0.1414,0.1154
0.1,0.0999,0.1327,-0.4965,0.2461
0.45,-0.5,0.3512,0.2925,0.095
-0.5,-0.0999,0.2458,-0.4957,0.0868
-0.1143,-0.5,0.164,0.1144,-0.0254
0.075,-0.0999,-0.0079,-0.495,0.0709
-0.5,-0.5,-0.1561,-0.1961,-0.2448
-0.5,0.0999,-0.1059,-0.2014,-0.1041
-0.5,-0.5,0.3636,0.3305,-0.039
-0.125,-0.5,-0.0112,-0.102,-0.033
0.075,-0.0999,-0.0031,-0.4965,0.0852
-0.125,-0.5,-0.0497,-0.1401,-0.064
-0.5,0.0999,-0.067,-0.1734,0.1682
-0.5,0.5,-0.0995,-0.207,0.067
0.0219,-0.0999,0.2749,-0.482,0.1582
-0.5,-0.0999,-0.0711,-0.1612,0.0547
0.0516,-0.0999,0.2011,-0.3697,0.1579
-0.5,0.5,0.3009,0.2972,0.0299
0.45,-0.5,0.3241,0.2589,0.09
-0.125,-0.5,0.0087,-0.0795,-0.0286
-0.5,-0.5,-0.0073,-0.0738,-0.2216
0.125,-0.0999,0.3112,0.2364,0.0983
0.075,-0.0999,0.2127,-0.1596,0.1669
0.0,-0.0999,0.115,-0.1246,0.1313
-0.5,-0.0999,0.2277,0.1159,0.0848
-0.5,-0.0999,-0.0817,-0.1725,0.0286
0.0,-0.0999,0.1044,-0.1304,0.1313
-0.5,-0.5,0.1281,0.1083,-0.1314
0.1,0.0999,-0.0249,-0.4966,0.2274
-0.5,-0.5,0.0365,-0.0876,-0.0892
-0.5,-0.5,0.0866,-0.0623,0.2791
0.4713,-0.5,0.2067,0.1219,0.0708
0.125,-0.5,0.2961,0.2761,0.0409
0.45,-0.5,-0.057,-0.167,-0.1382
0.075,-0.0999,-0.0063,-0.4964,0.0914
-0.5,-0.5,-0.001,-0.3852,-0.3171
-0.5,0.5,-0.094,-0.1956,0.0716
-0.5,-0.5,-0.0604,-0.1564,0.0498
0.125,-0.5,0.1654,0.1127,0.0191
-0.5,-0.0999,-0.0397,0.0979,0.0951
-0.5,-0.0999,-0.0699,-0.1645,0.0502
-0.025,-0.0999,0.2005,0.1174,-0.0145
-0.5,-0.5,0.2557,0.0643,0.4065
-0.5,0.5,0.4792,0.477,0.1029
-0.0298,-0.5,-0.0772,-0.1717,-0.2458
0.125,-0.5,0.1847,0.1327,0.0246
-0.5,0.5,0.3806,0.3868,-0.0282
-0.5,-0.5,0.1157,-0.0368,-0.0194
-0.025,-0.5,0.0923,-0.0146,-0.032
0.075,-0.0999,0.2618,-0.4811,0.1732
-0.5,-0.5,-0.0829,-0.1242,-0.4471
0.0,-0.0999,0.0258,-0.1421,0.0963
0.0122,-0.0999,0.1689,-0.0991,0.1456
0.0179,-0.0999,0.343,-0.4927,0.1641
-0.5,-0.5,0.1373,-0.0206,0.0143
0.45,-0.5,0.1865,0.0901,0.0642
-0.5,0.0999,-0.0501,-0.1598,0.2078
0.4727,-0.5,0.4217,0.3819,0.1102
-0.5,0.0999,-0.0474,-0.3447,0.0932
-0.5,-0.5,0.0325,-0.0875,-0.081
-0.5,-0.0999,-0.1208,-0.2005,-0.2053
-0.5,-0.5,-0.0344,-0.1229,-0.2337
-0.5,0.0999,-0.0977,-0.1825,-0.1751
0.075,-0.0999,0.197,0.0169,0.1633
0.125,-0.0999,0.3301,0.2556,0.1221
-0.5,-0.0999,0.032,-0.1098,0.0915
0.0296,-0.0999,0.2765,-0.4878,0.1605
0.1,0.0999,-0.0365,-0.4964,0.2416
