2
2
3
3
5
6
8
8
9
10
10
12
13
14
15
16
16
18
18
18
20
20
20
20
20
20
20
20
20
20
20
20
20
20
20
20
20
20
20
20
1
2
3
4
5
6
7
8
9
10
11
12
13
14
15
16
17
18
19
19
19
19
19
20
20
20
20
20
20
20
20
20
20
20
20
20
20
20
20
20
1
1
3
4
4
6
7
7
9
10
11
11
13
14
15
16
17
17
19
19
19
19
19
19
19
20
20
20
20
20
20
20
20
20
20
20
20
20
20
20
1
1
1
4
4
4
7
7
7
11
11
11
11
14
14
17
17
17
19
19
19
19
19
19
19
19
20
20
20
20
20
20
20
20
20
20
20
20
20
20
1
1
1
1
4
4
7
7
7
11
11
11
11
11
11
17
17
17
19
19
19
19
19
19
19
19
19
20
20
20
20
20
20
20
20
20
20
20
20
20
1
1
1
1
1
1
7
7
7
11
11
11
11
11
11
11
17
19
19
19
19
19
19
19
19
19
19
19
20
20
20
20
20
20
20
20
20
20
20
20
1
1
1
1
1
1
1
11
11
11
11
11
11
11
11
11
11
19
19
19
19
19
19
19
19
19
19
19
20
20
20
20
20
20
20
20
20
20
20
20
1
1
1
1
1
1
1
1
11
11
11
11
11
11
11
11
11
11
19
19
19
19
19
19
19
19
19
19
19
20
20
20
20
20
20
20
20
20
20
20
1
1
1
1
1
1
1
1
11
11
11
11
11
11
11
11
11
11
19
19
19
19
19
19
19
19
19
19
19
20
20
20
20
20
20
20
20
20
20
20
1
1
1
1
1
1
1
1
1
11
11
11
11
11
11
11
11
11
11
19
19
19
19
19
19
19
19
19
19
19
20
20
20
20
20
20
20
20
20
20
1
1
1
1
1
1
1
1
1
11
11
11
11
11
11
11
11
11
11
19
19
19
19
19
19
19
19
19
19
19
20
20
20
20
20
20
20
20
20
20
1
1
1
1
1
1
1
1
1
1
11
11
11
11
11
11
11
11
11
11
19
19
19
19
19
19
19
19
19
19
19
20
20
20
20
20
20
20
20
20
1
1
1
1
1
1
1
1
1
1
11
11
11
11
11
11
11
11
11
11
19
19
19
19
19
19
19
19
19
19
19
20
20
20
20
20
20
20
20
20
1
1
1
1
1
1
1
1
1
1
1
11
11
11
11
11
11
11
11
11
11
19
19
19
19
19
19
19
19
19
19
20
20
20
20
20
20
20
20
20
1
1
1
1
1
1
1
1
1
1
1
11
11
11
11
11
11
11
11
11
11
19
19
19
19
19
19
19
19
19
19
19
20
20
20
20
20
20
20
20
1
1
1
1
1
1
1
1
1
1
1
11
11
11
11
11
11
11
11
11
11
11
19
19
19
19
19
19
19
19
19
19
20
20
20
20
20
20
20
20
1
1
1
1
1
1
1
1
1
1
1
1
11
11
11
11
11
11
11
11
11
11
19
19
19
19
19
19
19
19
19
19
20
20
20
20
20
20
20
20
1
1
1
1
1
1
1
1
1
1
1
1
11
11
11
11
11
11
11
11
11
11
11
19
19
19
19
19
19
19
19
19
19
20
20
20
20
20
20
20
1
1
1
1
1
1
1
1
1
1
1
1
11
11
11
11
11
11
11
11
11
11
11
19
19
19
19
19
19
19
19
19
19
20
20
20
20
20
20
20
1
1
1
1
1
1
1
1
1
1
1
1
1
11
11
11
11
11
11
11
11
11
11
11
19
19
19
19
19
19
19
19
19
20
20
20
20
20
20
20
1
1
1
1
1
1
1
1
1
1
1
1
1
11
11
11
11
11
11
11
11
11
11
11
19
19
19
19
19
19
19
19
19
19
20
20
20
20
20
20
1
1
1
1
1
1
1
1
1
1
1
1
1
11
11
11
11
11
11
11
11
11
11
11
19
19
19
19
19
19
19
19
19
19
20
20
20
20
20
20
1
1
1
1
1
1
1
1
1
1
1
1
1
11
11
11
11
11
11
11
11
11
11
11
19
19
19
19
19
19
19
19
19
19
19
20
20
20
20
20
1
1
1
1
1
1
1
1
1
1
1
1
1
11
11
11
11
11
11
11
11
11
11
11
11
19
19
19
19
19
19
19
19
19
19
19
20
20
20
20
1
1
1
1
1
1
1
1
1
1
1
1
1
1
11
11
11
11
11
11
11
11
11
11
11
19
19
19
19
19
19
19
19
19
19
19
19
20
20
20
