1
2
3
4
5
6
7
8
9
10
11
12
13
14
15
16
16
18
20
20
21
22
23
23
25
25
27
28
29
31
31
32
33
34
34
36
37
38
40
40
41
43
43
44
46
46
47
48
49
49
50
12
13
14
15
16
17
18
19
20
21
22
23
24
25
26
27
28
29
30
31
32
33
34
35
36
37
38
39
40
41
42
43
44
45
46
47
48
49
50
50
50
13
14
15
16
17
17
19
19
21
22
23
24
24
26
26
28
28
30
30
32
32
35
35
35
37
38
39
39
41
42
42
44
45
45
47
47
49
50
50
50
50
50
15
15
17
17
19
19
19
22
22
24
24
26
26
26
28
30
30
32
32
35
35
35
35
39
39
39
42
42
42
42
45
45
45
47
50
50
50
50
50
50
50
50
17
17
17
19
19
19
24
24
24
24
24
26
30
30
30
30
30
35
35
35
35
35
39
39
42
42
42
42
42
42
45
50
50
50
50
50
50
50
50
50
50
19
19
19
19
19
19
24
24
24
24
24
30
30
30
30
30
35
35
35
35
35
35
35
42
42
42
42
42
42
42
50
50
50
50
50
50
50
50
50
50
50
19
19
19
19
19
19
24
24
24
24
30
30
30
30
30
35
35
35
35
35
35
35
42
42
42
42
42
42
42
42
50
50
50
50
50
50
50
50
50
50
19
19
19
19
19
19
19
19
24
30
30
30
30
30
30
30
35
35
35
35
35
35
42
42
42
42
42
42
42
42
50
50
50
50
50
50
50
50
50
50
50
19
19
19
19
19
19
19
19
30
30
30
30
30
30
30
35
35
35
35
35
35
42
42
42
42
42
42
42
42
42
50
50
50
50
50
50
50
50
50
50
19
19
19
19
19
19
19
19
19
30
30
30
30
30
30
30
35
35
35
35
35
42
42
42
42
42
42
42
42
42
50
50
50
50
50
50
50
50
50
50
19
19
19
19
19
19
19
19
19
30
30
30
30
30
30
30
30
35
35
35
35
42
42
42
42
42
42
42
42
42
42
50
50
50
50
50
50
50
50
50
50
19
19
19
19
19
19
19
19
19
30
30
30
30
30
30
30
30
30
35
35
42
42
42
42
42
42
42
42
42
42
50
50
50
50
50
50
50
50
50
50
19
19
19
19
19
19
19
19
19
30
30
30
30
30
30
30
30
30
30
30
42
42
42
42
42
42
42
42
42
42
42
50
50
50
50
50
50
50
50
50
19
19
19
19
19
19
19
19
19
19
30
30
30
30
30
30
30
30
30
30
42
42
42
42
42
42
42
42
42
42
42
50
50
50
50
50
50
50
50
50
50
19
19
19
19
19
19
19
19
19
30
30
30
30
30
30
30
30
30
30
42
42
42
42
42
42
42
42
42
42
42
50
50
50
50
50
50
50
50
50
50
19
19
19
19
19
19
19
19
19
19
30
30
30
30
30
30
30
30
30
42
42
42
42
42
42
42
42
42
42
42
50
50
50
50
50
50
50
50
50
50
19
19
19
19
19
19
19
19
19
19
30
30
30
30
30
30
30
30
30
42
42
42
42
42
42
42
42
42
42
42
42
50
50
50
50
50
50
50
50
50
50
19
19
19
19
19
19
19
19
19
19
30
30
30
30
30
30
30
30
42
42
42
42
42
42
42
42
42
42
42
42
50
50
50
50
50
50
50
50
50
50
19
19
19
19
19
19
19
19
19
19
30
30
30
30
30
30
30
30
42
42
42
42
42
42
42
42
42
42
42
42
50
50
50
50
50
50
50
50
50
50
50
19
19
19
19
19
19
19
19
19
30
30
30
30
30
30
30
30
42
42
42
42
42
42
42
42
42
42
42
42
42
50
50
50
50
50
50
50
50
50
50
19
19
19
19
19
19
19
19
19
30
30
30
30
30
30
30
30
42
42
42
42
42
42
42
42
42
42
42
42
42
50
50
50
50
50
50
50
50
50
50
19
19
19
19
19
19
19
19
19
19
30
30
30
30
30
30
30
42
42
42
42
42
42
42
42
42
42
42
42
42
50
50
50
50
50
50
50
50
50
50
50
19
19
19
19
19
19
19
19
19
30
30
30
30
30
30
30
42
42
42
42
42
42
42
42
42
42
42
42
42
50
50
50
50
50
50
50
50
50
50
50
19
19
19
19
19
19
19
19
19
19
30
30
30
30
30
30
42
42
42
42
42
42
42
42
42
42
42
42
42
50
50
50
50
50
50
50
50
50
50
50
19
19
19
19
19
19
19
19
19
19
30
30
30
30
30
30
