-3.5E-5, -3.4000003E-4, 0.46871585, -0.37226427, 0.14447418
0.2857, -0.5, 0.2926924, -0.25174728, -0.27939165
-0.1283055, -0.0013117502, 0.45706943, -0.2780641, 0.1984644
-0.5, -0.5, 0.2453, -0.1062, -0.1399
-0.1429, 0.0999, 0.32149583, -0.4079641, -0.034954816
-0.5, 0.5, 0.32838, -0.18078, 0.17337
-0.1429, -0.0999, 0.29679602, -0.2806021, -0.1243954
-0.086743034, -0.0999, 0.43230465, -0.39685625, 0.14194755
-0.5, -3.0E-4, 0.4485, -0.4779, 0.007
-0.1429, -0.0999, 0.30202916, -0.27580398, -0.038391918
0.5, -0.5, 0.27865523, 0.0077807503, -0.29322675
0.001242867, -5.0148315E-4, 0.46154454, -0.3275419, 0.21173185
-0.0514, -0.06, 0.4471, -0.3245, 0.1105
-0.5, -0.5, 0.055362213, 0.40437874, 0.04898177
-0.1429, -0.0999, 0.30086437, -0.3226231, -0.058662627
-0.5, -0.5, 0.24123435, -0.14085881, -0.2531712
-0.21205875, -3.0E-4, 0.44814098, -0.406052, 0.15493649
-0.5, -0.5, 0.28532547, -0.024054313, -0.2702918
0.0714, -0.5, 0.2697737, 0.18250409, -0.24692428
-0.1429, -0.09978025, 0.31655386, -0.28461406, 0.039059788
-0.5, -0.0999, 0.3190742, 0.025814079, -0.098153904
0.0, -3.0E-4, 0.47845668, -0.29510716, 0.02028204
-0.5, -0.5, 0.2889015, 0.217753, -0.23229975
0.0714, -0.5, 0.27575326, -0.04303053, 0.016935889
-0.1857, -3.0E-4, 0.4565091, -0.4245202, 0.0057303896
-0.5, 0.0999, 0.28947133, -0.19087386, -0.28184903
-0.1429, -0.0999, 0.29403803, -0.27419552, -0.2768979
-0.5, 0.0999, 0.2816081, -0.1410726, -0.2173194
0.08353434, -3.0E-4, 0.46037182, -0.4130679, 0.21963
0.2857, -0.5, 0.26178545, -0.07243791, -0.28909513
-0.1429, 0.0999, 0.35136434, -0.29645184, 0.13704903
-0.5, -3.0E-4, 0.45271575, -0.39543828, 0.017480869
-0.5, 0.0999, 0.34092867, -0.18351187, 0.069229886
-0.5, -0.5, 0.26166874, 0.0251905, -0.29868776
-0.5, -0.5, -0.03335078, 0.399769, -0.06969897
-0.5, -0.5, 0.285225, 0.364775, 0.402755
0.0714, -0.5, 0.25317502, 0.22994, -0.03824
0.5, -0.5, 0.25997218, -0.035550535, 0.13926819
-0.1429, -0.5, 0.32700974, -0.196423, -0.030141499
-0.5, 0.0999, 0.37286648, -0.04144683, 0.07093576
-0.5, -0.0999, 0.26534098, -0.19573936, -0.23102327
0.0857, -3.0E-4, 0.45597056, -0.36824474, 0.17801166
0.2857, -0.5, 0.30074766, -0.2624415, 0.06573571
-0.5, -0.5, 0.47377178, -0.16063339, 0.24771252
-0.5, -0.5, 0.2532913, -0.08484354, -0.06698013
-0.1429, 0.0999, 0.32824, -0.31333002, 0.018895
-0.1429, -0.0999, 0.293565, -0.33705974, -0.26073375
0.0714, -0.5, 0.34371474, -0.2745405, -0.29178548
-0.1429, -0.5, 0.35910374, -0.28068298, 0.1152441
-0.1429, -0.0999, 0.29892692, -0.23544264, -0.07427449
-0.21418288, -3.0E-4, 0.45713168, -0.41757184, 0.22978175
-0.5, -0.5, 0.022749525, 0.40082154, 0.0036080002
-0.5, -0.5, 0.3461816, 0.26263076, -0.07408066
0.0, -3.0E-4, 0.453055, -0.464015, 0.21563001
0.5, -0.5, 0.30747995, -0.22972444, -0.27346975
-0.1429, 0.0999, 0.3382575, -0.33752626, 0.079337
-0.5, 5.1625003E-4, 0.454772, -0.40076002, 0.1777855
-0.5, 0.5, 0.31292, -0.046125, 0.127295
-0.1429, 0.0999, 0.3214204, -0.27357632, -0.045573317
-0.5, -0.0999, 0.31885207, -0.0528869, -0.093555205
-0.5, -0.5, 0.24302489, 0.4271374, 0.3384246
-0.1429, 0.0999, 0.40386972, -0.35941026, 0.2146374
0.0, -3.0E-4, 0.47426936, -0.35413462, 0.028341252
-0.5, 0.5, 0.26208025, 0.1078955, 0.18199775
-0.5, 0.0999, 0.28961742, 0.0438829, -0.23028633
-0.5, -0.5, 0.14351031, 0.38476786, 0.18234414
0.5, -0.5, 0.27380005, -0.08429873, -0.1385312
-0.1429, 0.0999, 0.3607699, -0.33908996, 0.1682293
-0.5, -0.0999, 0.29642192, -0.0426051, -0.18000457
0.0714, -0.5, 0.34423462, -0.20247528, -0.1626615
-0.5, 0.5, 0.24902613, -0.15957192, -0.3275545
-0.1429, -0.0999, 0.33598065, -0.27560738, 0.09623352
0.0714, -0.5, 0.33398172, -0.20867817, 0.024867358
-0.5, -0.5, -0.47626436, 0.40624064, -0.47479755
-0.5, -0.5, -0.2095448, 0.41184118, -0.24657628
-0.5, 0.5, 0.36178902, -0.1618762, 0.21329056
-0.12935111, -3.0E-4, 0.45560896, -0.3440444, 0.18201998
0.0714, -0.5, 0.3289, -0.1815, -0.0778
-0.5, -0.5, 0.2596, 0.0146, 0.0084
-0.5, 0.0999, 0.48715726, -0.40898928, 0.23219876
0.5, -0.5, 0.27452075, -0.0621765, -0.29038373
-0.1604, 0.072, 0.4594, -0.3183, 0.2349
-0.5, -0.0999, 0.32488224, -0.18878058, -0.11708585
0.5, -0.5, 0.305465, -0.24516, 0.13201499
0.2857, -0.5, 0.2997225, -0.2525576, -0.05209284
-0.5, -0.0999, 0.29623312, -0.18300499, -0.28184798
0.2857, -0.5, 0.3033, -0.1902, -0.0474
-0.5, -0.5, 0.39997125, 0.42746773, 0.47435626
0.5, -0.5, 0.27499726, -0.083635636, -0.0518163
-0.5, -0.5, 0.38272226, 0.34540623, 0.119076
-0.5, -0.0999, 0.297095, -0.028934998, -0.28558126
-0.5, -0.0999, 0.32091, -0.25904998, -0.29331002
0.2857, -0.5, 0.2606627, -0.12524682, 0.08157294
0.0, -3.0E-4, 0.47028401, -0.3841265, 0.0781225
-0.5, 0.0999, 0.2969998, -0.020301698, -0.28107667
-0.5, -0.5, 0.4687, -0.138, 0.0362
-0.5, -0.5, -0.092857584, 0.40135908, -0.13585831
-0.5, 0.0999, 0.32929826, -0.02226075, 0.0023400001
-0.5, -0.5, 0.3708, -0.2247, -0.0797
-0.5, -0.5, 0.29077032, -0.24601665, 0.14842321
-0.5, 0.0999, 0.2911637, -0.18417121, -0.09119764
0.017992457, -3.0E-4, 0.46147004, -0.38111857, 0.20226447
-0.5, 0.5, 0.42852387, -0.18890545, 0.25179076
-0.5, 0.5, 0.25296, 0.1042, -0.31202
-0.5, -0.0999, 0.25411928, -0.2488715, -0.20021075
0.5, -0.5, 0.27417699, -0.05934025, -0.206504
-0.5, -0.5, 0.24727, -0.162275, -0.33144
-0.14318387, 0.099368, 0.4600383, -0.3593409, 0.2333362
-0.1429, -0.5, 0.30088568, -0.331316, -0.042754058
0.0714, -0.5, 0.34288073, -0.21619545, -0.27382177
0.2857, -0.5, 0.2658932, -0.09710301, -0.0763083
-0.5, -0.5, 0.3949, 0.3829, 0.4405
-0.1429, -0.0999, 0.29538944, -0.2750954, -0.18727879
-0.5, 0.5, 0.3072, -0.2169, 0.1245
-0.5, -0.5, 0.42003745, -0.16683218, -0.11505871
0.0714, -0.5, 0.27525654, 0.2612453, -0.26545787
-0.5, -0.5, 0.30537, 0.40678, 0.427
-0.5, 0.0999, 0.3057, 0.0577, -0.1095
-0.1429, 0.0999, 0.3404413, -0.4044066, 0.10298492
-0.1429, -0.5, 0.36240113, -0.33027086, 0.123305805
-0.5, 0.5, 0.25002, 0.043709997, 0.099254996
-0.5, -0.5, 0.374905, -0.15794, -0.2105
0.0714, -0.5, 0.33289498, -0.2939, 0.029405
0.0714, -0.5, 0.2854757, -0.0824147, -0.28332222
-0.18220124, 1.4650004E-4, 0.45711577, -0.366499, 0.14561126
-0.1429, 0.0999, 0.4445228, -0.2418144, 0.23933497
-0.16456544, -0.0014684093, 0.45662713, -0.4096497, 0.17434697
-0.5, -0.5, -0.29320124, 0.397646, -0.31834245
-0.5, -0.5, 0.3386969, -0.05337089, -0.0779305
-0.5, 0.0999, 0.4834, -0.3029, 0.2333
-0.5, -0.5, 0.4752, -0.14945, 0.09073
-0.12545815, -0.09781245, 0.44605365, -0.42837864, 0.14710738
-0.5, 0.0999, 0.306495, -0.165505, 0.0123000005
-0.5, -0.5, -0.36613, 0.40156502, -0.378195
-0.5, -0.5, 0.41895002, 0.051179998, 0.011105
-0.5, -0.5, 0.29688796, -0.27893522, 0.03826025
0.0857, -3.0E-4, 0.4656, -0.2866, 0.2253
0.5, -0.5, 0.312204, -0.23883498, -0.0034492877
-0.1429, -0.5, 0.3127615, -0.27952763, -0.034274638
0.0, -3.0E-4, 0.4694, -0.43806002, 0.115
0.2857, -0.5, 0.26382604, -0.10917504, -0.014181266
-0.5, 0.0999, 0.30017906, -0.21693666, -0.022668473
-0.5, -0.5, 0.397, -0.0465, -0.0178
0.0714, -0.5, 0.26742, 0.074165, -0.10831
0.0714, -0.5, 0.28236246, -0.074445926, -0.12307766
-0.5, -0.5, -0.41006675, 0.40664172, -0.41489026
0.2857, -0.5, 0.2985, -0.2515, -0.121
-0.5, -0.5, 0.3072, 0.2594, -0.1869
-0.5, -0.5, 0.373, 0.3192, 0.0597
0.5, -0.5, 0.27692074, -0.14644793, -0.28549856
-0.1429, -0.0999, 0.29815876, -0.17669049, -0.29579
-0.5, -3.0E-4, 0.47403502, -0.281335, 0.070365004
-0.5, -0.5, 0.405775, 0.40483502, 0.30573
-0.1429, -0.5, 0.36068475, -0.28285772, 0.041896
-0.1429, -0.5, 0.3638, -0.217, 0.0965
-0.5, 0.5, 0.28635445, -0.16777122, 0.027305275
-0.1429, 0.0999, 0.33386847, -0.26958326, 0.06121425
-0.5, -0.5, 0.25571707, -0.14188161, 0.09476058
-0.5, -0.5, 0.3788, -0.0826, -0.2218
0.0714, -0.5, 0.31975096, -0.14547975, -0.287155
0.0714, -0.5, 0.23783751, 0.120195225, -0.0027602655
-0.5, 0.0999, 0.31164372, -0.04519102, -0.06483592
-0.5, -0.5, -0.3851, 0.4462, -0.3895
-0.5, -0.5, 0.2575, -0.0755, -0.252
-0.5, 0.0999, 0.30278, -0.02549, -0.11649001
-0.5, -0.5, 0.43521002, 0.12214, 0.28751
-0.5, -3.0E-4, 0.45902333, -0.2773545, 0.14460605
-0.5, -0.5, 0.356705, 0.327415, -0.022805002
0.0857, -3.0E-4, 0.4611955, -0.35995826, 0.2369915
0.0714, -0.5, 0.34234977, -0.282741, -0.23063625
-0.5, -0.5, 0.33353576, -0.191285, -0.245523
-0.1429, -0.0999, 0.30902782, -0.22521256, 0.0029004756
-0.1429, -0.0999, 0.29797146, -0.20168944, -0.15295991
-0.1429, -0.0999, 0.293885, -0.18978001, -0.20639001
0.2857, -0.5, 0.26245, -0.033965003, -0.25616503
-0.1429, -0.5, 0.32017526, -0.41231126, -0.04899525
-0.5, -0.5, 0.2978765, -0.29763076, 0.1060145
-0.1857, -3.0E-4, 0.45657507, -0.37936983, 0.031871777
-0.5, -0.5, 0.3166, -0.0911, -0.2518
-0.03423, -0.040115003, 0.45005, -0.398985, 0.17574501
-0.5, 0.5, 0.2845, 0.0461, 0.0123
-0.5, -0.0999, 0.24480794, -0.14290956, -0.19704899
-0.5, -0.5, 0.09958575, 0.40801975, 0.11417675
-0.5, -0.5, 0.372735, 0.093885, -0.14318
-0.1429, 0.0999, 0.32118845, -0.35311225, -0.041171364
-0.5, -0.0999, 0.2909, -0.1791, -0.1755
-0.5, -0.5, 0.3661, -0.1311, 0.0772
-0.1429, -0.5, 0.208945, -0.282285, -0.047215
-0.5, 0.0999, 0.35853866, 0.0120464, 0.05259408
-0.1429, 0.0999, 0.39518026, -0.4130775, 0.2205635
0.0714, -0.5, 0.26336074, 0.22484799, -0.15267183
0.2857, -0.5, 0.28224, -0.176375, 0.017505
-0.5, -3.0E-4, 0.44962296, -0.42585805, 0.07556798
-0.5, 0.5, 0.29794416, 0.0061110323, 0.08315218
-0.5, 0.5, 0.2649, -0.0795, -0.1376
-0.5, 0.0999, 0.491, -0.3026, 0.1697
-0.5, 0.025825001, 0.471025, -0.38145998, 0.1416
0.0714, -0.5, 0.25931156, 0.16653705, -0.10741457
0.5, -0.5, 0.31048998, -0.237055, -0.18162
-0.1952, -3.0E-4, 0.457, -0.3359, 0.1052
-0.5, -0.0999, 0.28699598, -0.08799825, -0.29281002
0.5, -0.5, 0.264525, -0.08602, 0.13007501
-0.5, -0.5, 0.41626573, 0.10689125, -0.028009249
-0.5, 0.5, 0.2524, -0.1816, -0.2831
0.0, -3.0E-4, 0.4718135, -0.42205176, 0.029105
-0.5, -0.0999, 0.2891, -0.0076, -0.2198
-0.5, 0.5, 0.25991, -0.22889501, -0.214745
0.2857, -0.5, 0.302, -0.2287, 0.0046
-0.5, 0.5, 0.40886, 0.14987999, 0.299305
-0.1429, -0.0999, 0.33283365, -0.3318668, 0.09271016
0.0, -3.0E-4, 0.46745846, -0.324261, 0.09203721
0.0714, -0.5, 0.3432, -0.2233, -0.2151
-0.5, -0.5, 0.3373, -0.1367, -0.2892
-0.5, 0.0999, 0.489405, -0.40948, 0.160585
0.5, -0.5, 0.26999548, -0.044425, 0.048198
0.5, -0.5, 0.27363074, -0.03369125, -0.0505845
-0.5, 0.5, 0.27634275, -0.2050515, -0.02351175
-0.5, -0.5, 0.3271865, 0.2988565, -0.13464025
-0.5, -0.5, 0.34319454, 0.31936416, -0.077396646
-0.1429, -0.5, 0.2485, -0.3328, -0.0461
-0.5, -0.5, 0.0745, 0.4551, 0.0748
-0.5, -0.5, 0.290535, -0.34012, -0.246475
-0.5, 0.0999, 0.28559926, -0.17601578, -0.14452595
0.2857, -0.5, 0.26388785, -0.06483781, -0.20081007
-0.5, -0.5, 0.34352326, -0.048081752, -0.16675924
0.2857, -0.5, 0.2605, -0.1282, -0.2879
-0.5, 0.5, 0.269815, -0.01828175, -0.09518801
0.0714, -0.5, 0.34435, -0.14795, -0.151645
-0.5, -0.5, 0.392735, 0.35656, 0.19462
0.0714, -0.5, 0.34397087, -0.26099482, -0.09126716
-0.5, 0.0999, 0.31485286, 0.03602554, -0.041111715
0.0714, -0.5, 0.3412, -0.1477, 0.0081
-0.5, 0.5, 0.2223, 0.1767, -0.0918
-0.5, -0.5, 0.4646, -0.0264, 0.2575
-0.5, -0.5, 0.2999918, -0.26701048, -0.22792262
-0.5, -0.5, 0.2764, 0.0863, -0.2786
-0.5, -0.5, 0.310754, -0.21360774, -0.103557
-0.5, 0.0999, 0.29862624, -0.1008805, -0.28351948
-0.2143, -3.0E-4, 0.45785, -0.352395, 0.2372
-0.5, 0.5, 0.31856018, 0.07723265, 0.25555947
-0.5, 0.5, 0.267515, -0.18437, -0.11834
-0.5, -0.5, 0.2932, -0.2908, -0.0322
-0.5, -0.5, 0.3234, -0.1819, 0.0567
-0.5, 0.5, 0.3246, 0.0032, 0.1736
-0.5, 0.5, 0.25705498, 0.00313, -0.21742499
-0.1857, -3.0E-4, 0.45545998, -0.32839, 0.00521
0.2857, -0.5, 0.29347876, -0.21774699, -0.1871235
-0.084565, -0.09858, 0.432915, -0.4574, 0.13975
0.5, -0.5, 0.2739, -0.1146, -0.0105
0.2857, -0.5, 0.26364136, -0.0663549, 0.06459323
-0.13983151, 0.078510754, 0.45734, -0.42687598, 0.23136
0.2857, -0.5, 0.26480502, -0.049060002, -0.125245
-0.5, -0.5, 0.4327, 0.1256, 0.0369
0.0714, -0.5, 0.282745, -0.064854994, -0.21922
-0.5, -0.5, 0.3991, 0.4365, 0.2378
-0.1429, 0.0999, 0.3280618, -0.36874342, 0.021606479
0.2857, -0.5, 0.2993, -0.3163, 0.0848
0.0536, -3.0E-4, 0.4645, -0.3221, 0.1553
0.0714, -0.5, 0.3424, -0.2599, -0.022
0.0714, -0.5, 0.26491502, 0.12768501, -0.22036001
0.0714, -0.5, 0.2851445, 0.012514001, -0.19567099
-0.5, 0.5, 0.271, 0.0429, -0.1061
-0.1374, 0.0524, 0.4485, -0.3684, 0.2106
-0.1429, -0.0999, 0.29651004, -0.22425357, -0.2725683
-0.5, -0.0999, 0.29503578, 0.026817251, -0.28358474
-0.5, 0.5, 0.225, 0.0982, 0.0051
-0.5, -0.5, 0.4393, -0.0158, -0.0566
-0.5, -0.5, 0.3045, 0.3168, -0.19192499
-0.5, -0.5, 0.24803, -0.1066495, -0.33139598
-0.5, 0.0999, 0.2964, -0.108, -0.0986
-0.5, -0.5, 0.29125762, -0.2683014, -0.14132188
-0.5, 0.0999, 0.3325, 0.0496, 0.0092
-0.5, -0.5, 0.25382307, -0.02446364, 0.13971134
-0.5, 0.08762, 0.48538, -0.36064, 0.14321999
0.0714, -0.5, 0.27773273, -0.140845, 0.01464175
-0.16308, -3.0E-4, 0.45662, -0.39783502, 0.22541
-0.5, -0.5, 0.254, -0.0845, 0.1337
-0.5, -0.5, 0.4047, -0.2251, -0.1467
-0.5, -0.5, 0.4203, -0.059, -0.1093
-0.5, 0.5, 0.3342, -0.0994, 0.1873
-0.5, 0.0999, 0.2929, -0.0207, -0.2047
-0.5, -0.5, 0.327, 0.3424, 0.4564
-0.5, -0.5, 0.3579, 0.0214, -0.0706
-0.5, 0.5, 0.25027633, 0.006619975, -0.311306
-0.096809775, -0.0999, 0.43745124, -0.33179477, 0.14008924
-0.5, -0.5, 0.28395998, -0.208365, -0.22972499
-0.5, -0.5, 0.44315645, 0.06980423, 0.26997826
-0.5, 0.0999, 0.31203723, -0.21823424, 0.032687
-0.5, 0.5, 0.2552, 0.0537, 0.1582
0.2857, -0.5, 0.2878, -0.1764, -0.1537
-0.5, 0.0999, 0.3492, -0.0927, 0.0596
-0.5, -0.5, 0.4451, 0.0254, 0.1298
-0.5, -0.5, 0.25718498, -0.06687, -0.016955
-0.5, -0.5, 0.2533, -0.0304, 0.0896
-0.5, -0.5, 0.2277115, -0.06702825, -0.16764174
-0.1429, -0.0999, 0.32634974, -0.21204238, 0.08144386
-0.1429, 0.0999, 0.40865773, -0.29416072, 0.2229985
-0.5, 0.0999, 0.279625, -0.19916, -0.22462
-0.5, -0.5, 0.3718, -0.0094, -0.198
-0.5, -0.5, 0.3819, -0.212, -0.1947
-0.5, 0.5, 0.3119, -0.153, 0.1331
-0.5, -3.0E-4, 0.48050502, -0.34558, 0.10106
0.0714, -0.5, 0.307, -0.1277, -0.1245
-0.5, -0.5, 0.187165, 0.40923, 0.25227502
-0.5, -0.5, 0.33167002, -0.25597998, -0.28632
-0.5, -0.5, 0.3378, 0.4284, 0.4653
-0.129795, -3.0E-4, 0.454805, -0.4393, 0.19705
-0.5, -0.5, 0.358, -0.2496, -0.1281
0.5, -0.5, 0.31024, -0.29018998, -0.149785
-0.5, -0.5, 0.3347, -0.0244, -0.2309
-0.5, -0.0999, 0.3279, -0.2373, -0.0757
-0.5, 0.5, 0.2587, -0.1708, -0.217
-0.5, -0.5, 0.2617, -0.0572, 0.0326
0.2857, -0.5, 0.2977, -0.2755, -0.1773
-0.5, -0.5, 0.44233, -0.14172, -0.060365
-0.5, -0.5, 0.316975, -0.23775999, -0.002385
-0.5, -0.5, 0.4425, -0.0178, 0.0514
-0.5, -0.5, 0.3848, -0.1081, -0.0373
-0.1429, -0.5, 0.3595, -0.2165, 0.0344
0.0714, -0.5, 0.2588, 0.1181, -0.0834
-0.5, -0.5, 0.3589, -0.1451, -0.1611
-0.5, -0.5, 0.4143, 0.0267, -0.123
-0.5, 0.0999, 0.2958, 0.0624, -0.2929
-0.5, -3.0E-4, 0.4534, -0.4517, 0.1835
-0.1429, -0.5, 0.2645, -0.4169, -0.0464
-0.10401, 2.9999996E-5, 0.45753998, -0.39515, 0.186085
-0.2143, -3.0E-4, 0.4509, -0.4744, 0.183
-0.1264, -0.0429, 0.4505, -0.4118, 0.1635
-0.5, -0.5, 0.3895, -0.062, 0.0796
-0.5, 0.5, 0.277, -0.0383, -0.0262
-0.5, 0.5, 0.4151, -0.003, 0.2516
-0.5, 0.5, 0.2295, 0.2025, 0.0062
-0.5, -0.5, 0.334, 0.0589, -0.207
-0.5, -0.5, 0.407115, 0.350995, 0.334165
0.0714, -0.5, 0.2603, 0.0777, -0.0522
-0.5, -0.5, -0.1588, 0.4396, -0.2038
-0.5, 0.5, 0.2255, 0.0717, -0.0668
-0.5, 0.5, 0.224, 0.1322, -0.0677
-0.5, -0.5, 0.3813, 0.4146, 0.1008
-0.5, -0.5, 0.2504, 0.0099, -0.085
0.0714, -0.5, 0.2429, 0.1837, -0.0047
-0.5, 0.5, 0.4079, -0.1168, 0.2488
-0.5, -0.5, 0.2445, -0.0237, -0.1258
-0.5, -0.5, 0.4453, 0.1421, 0.1315
-0.5, -0.5, 0.3192, 0.1122, -0.2182
-0.5, 0.5, 0.3733, -0.006, 0.224
-0.5, 0.5, 0.2562, 0.0705, -0.1938
-0.5, 0.5, 0.3659, 0.0769, 0.2233
-0.5, 0.5, 0.3996, 0.0743, 0.2984
