1
2
3
4
1
5
6
7
8
9
7
10
1
8
11
7
5
12
13
14
15
16
1
17
18
19
16
20
21
22
23
22
24
25
8
26
9
27
14
28
29
28
30
31
32
33
34
31
24
35
22
36
4
37
23
27
38
11
39
7
13
13
15
7
11
40
41
42
37
43
7
44
14
5
37
17
17
29
45
31
18
46
47
48
31
49
26
7
50
51
35
20
45
4
52
16
53
16
54
55
6
3
22
1
51
56
33
57
10
45
16
26
58
59
19
34
53
60
21
14
60
34
22
60
18
61
49
62
50
63
64
65
1
47
12
13
66
53
28
33
67
39
68
16
69
52
18
1
24
69
6
7
7
70
71
27
68
34
49
60
16
12
35
45
7
37
72
38
73
61
7
50
6
41
67
15
64
20
29
73
74
9
75
39
68
45
76
77
53
78
49
78
28
53
13
20
38
33
22
40
79
13
21
33
7
9
80
81
82
16
66
22
8
49
27
72
80
16
79
16
83
84
23
1
85
86
72
45
15
15
27
1
7
24
68
1
73
16
69
81
87
88
54
7
60
16
19
3
6
2
50
54
62
37
19
13
42
89
16
1
90
18
89
73
91
39
89
39
91
23
92
21
37
45
20
7
18
93
77
13
32
78
94
38
8
95
8
96
13
27
14
22
95
80
39
37
25
97
23
98
65
24
40
69
24
80
8
38
35
8
77
16
7
90
69
25
34
72
95
38
84
48
21
76
14
47
42
1
8
76
34
11
10
99
5
34
5
100
25
101
57
52
2
102
26
12
21
33
38
23
39
2
13
53
45
69
103
65
9
100
76
104
82
43
103
42
13
7
63
39
31
83
7
48
16
20
16
52
105
50
106
45
67
9
68
52
60
11
2
107
59
24
16
65
3
81
94
18
39
25
7
11
51
2
77
27
29
25
45
57
81
16
34
50
31
26
49
92
16
40
40
53
23
43
102
26
72
11
108
38
28
42
21
105
47
7
13
8
81
69
25
3
54
16
81
25
104
55
60
34
8
51
62
51
69
95
16
57
72
24
51
74
53
92
38
47
34
88
39
109
85
73
3
15
8
49
110
108
70
1
7
53
76
15
97
14
92
111
9
51
72
67
94
47
1
84
5
108
45
9
23
65
3
58
22
7
70
16
23
16
64
18
2
13
68
46
112
3
84
101
44
18
5
79
18
5
65
21
113
60
45
13
69
50
21
45
55
78
65
15
10
16
34
25
105
2
33
76
8
11
114
6
65
45
7
7
73
83
94
42
69
78
91
22
20
45
90
37
6
35
7
33
64
1
22
45
14
37
39
55
8
40
53
15
95
58
115
16
31
25
15
17
7
49
42
73
1
45
24
116
92
45
50
49
11
90
63
43
78
7
23
48
2
96
2
39
52
69
13
64
117
28
83
15
118
22
119
25
73
3
72
12
34
48
95
15
33
120
67
121
122
52
95
40
40
8
65
96
28
37
83
57
53
7
7
54
63
13
51
47
122
67
58
17
7
14
103
3
35
50
89
23
28
53
51
118
6
24
76
16
49
23
73
34
16
119
16
30
7
47
75
72
29
53
78
95
103
81
23
24
34
20
13
72
90
37
18
35
113
7
8
72
120
80
35
55
22
38
12
24
23
55
94
23
16
1
81
65
13
16
122
123
98
14
97
122
115
63
5
18
32
7
13
73
18
2
5
39
13
28
38
23
45
4
7
37
38
98
96
106
20
120
22
37
96
20
6
124
113
13
24
16
54
112
27
95
80
79
22
46
47
105
1
125
8
63
72
24
43
79
24
49
33
126
75
21
56
97
26
5
122
4
12
81
31
6
16
79
65
72
92
67
96
42
18
79
36
72
23
89
20
51
107
65
32
65
23
20
122
33
33
13
8
45
7
21
27
53
22
3
122
7
27
7
105
16
77
51
69
3
7
127
11
31
104
16
113
15
92
16
7
45
35
21
93
97
34
125
77
40
73
35
93
45
66
64
6
27
125
108
123
18
103
29
98
5
9
105
17
7
73
45
16
22
24
98
93
13
90
88
100
46
108
61
105
103
121
100
13
51
86
16
93
22
24
67
48
120
95
86
128
11
70
26
13
127
58
27
33
5
22
25
18
68
106
15
34
56
7
69
35
99
85
11
125
15
113
22
45
17
129
1
65
61
65
13
22
8
33
115
23
23
97
130
85
16
18
75
17
43
17
72
84
84
44
5
114
5
76
7
119
16
47
37
86
24
22
39
70
73
16
131
116
38
33
2
47
9
129
126
21
7
107
23
68
129
7
25
32
88
87
34
77
105
24
34
22
24
13
75
1
20
65
60
118
47
37
38
23
28
43
23
93
68
72
100
5
70
13
61
128
21
46
21
13
43
47
5
27
17
95
22
13
8
65
16
69
75
88
101
12
88
36
62
38
24
22
21
23
127
132
23
133
51
17
45
62
134
28
127
94
45
50
91
27
16
24
72
103
22
47
87
13
124
35
114
46
108
35
75
10
116
12
2
8
72
102
7
109
40
123
35
121
57
91
67
98
7
4
12
8
130
69
23
21
14
39
27
78
46
33
13
62
113
9
21
36
69
93
56
30
33
16
21
37
75
65
40
87
64
72
78
15
90
67
58
34
95
35
17
70
63
4
88
73
37
84
22
135
36
39
21
63
58
20
83
95
40
108
111
16
12
2
21
5
17
16
133
114
79
13
27
63
89
84
4
24
77
34
32
62
85
58
65
114
49
71
8
5
89
18
16
48
15
113
123
38
69
40
8
103
8
135
25
13
70
120
79
105
16
133
7
13
107
72
22
