1
2
3
4
1
5
6
7
8
9
10
11
12
13
14
15
5
16
17
18
19
20
12
21
22
23
20
24
25
26
27
28
29
30
8
31
32
33
34
35
36
35
37
38
39
40
41
38
42
43
28
44
45
46
47
33
48
14
49
50
51
17
19
15
52
53
54
55
56
57
7
58
34
5
59
60
60
61
62
38
63
64
65
66
38
67
68
50
69
70
43
24
62
45
71
72
73
72
74
75
76
77
26
12
78
79
40
80
81
82
72
31
83
84
23
41
73
85
25
34
85
86
26
87
63
88
89
90
69
91
92
93
94
95
16
51
96
73
97
98
99
49
100
10
101
71
63
102
42
101
76
10
7
103
104
33
100
105
106
85
10
107
43
108
7
59
109
110
111
112
113
60
114
54
115
116
86
24
117
111
118
32
119
120
100
62
121
122
123
124
67
124
35
73
125
24
110
40
26
53
126
127
25
98
50
32
128
129
130
72
131
28
132
89
133
109
134
10
126
10
135
136
27
102
137
138
139
62
19
19
33
102
7
29
100
140
141
72
142
143
144
145
146
10
147
20
148
3
6
2
60
74
149
46
23
127
150
32
20
102
151
63
152
111
153
154
32
155
153
27
156
25
157
68
24
10
63
158
159
127
139
160
161
110
8
162
132
163
125
33
164
28
165
128
49
59
30
166
27
167
141
29
168
101
169
128
132
170
43
132
171
172
173
174
101
175
41
176
162
170
177
66
178
121
179
95
55
180
132
181
182
183
81
184
185
186
185
61
30
187
80
71
2
188
31
107
25
189
48
27
49
2
51
73
190
101
191
192
193
61
194
195
196
197
198
199
200
7
201
120
202
203
7
183
72
24
72
204
205
206
207
62
115
193
100
71
208
52
2
209
84
29
210
192
77
45
161
211
120
30
7
14
212
2
213
33
117
30
62
214
129
172
41
69
215
68
216
217
10
218
219
73
113
197
188
31
220
221
222
110
35
199
178
63
95
113
51
8
45
223
224
3
74
72
225
226
227
75
85
105
8
228
229
230
223
98
20
214
109
102
70
231
232
156
110
95
105
145
154
233
12
111
77
19
132
216
234
235
103
140
50
73
194
116
166
18
217
236
32
230
109
237
161
65
102
136
185
235
108
32
27
93
77
83
238
50
103
72
113
20
86
211
2
239
100
240
241
77
242
243
244
211
5
126
211
5
93
25
245
85
108
17
142
60
246
62
75
124
93
19
11
172
41
224
63
247
40
194
248
14
249
76
250
251
7
7
252
253
161
55
223
254
255
26
24
62
151
256
76
257
50
40
86
258
26
108
18
157
120
75
132
218
259
260
162
83
261
20
202
30
19
60
15
106
55
111
102
108
29
262
156
263
69
89
14
264
265
57
124
7
174
66
2
146
2
49
71
223
239
92
266
35
203
116
267
28
268
30
111
77
109
269
86
66
270
19
189
271
115
272
273
71
231
53
219
132
93
146
97
185
203
274
275
173
10
74
201
276
230
65
277
278
83
60
7
225
191
3
43
69
32
27
97
230
70
279
280
29
194
20
67
27
141
182
72
268
72
37
10
281
56
139
282
123
160
165
191
283
27
169
41
24
51
109
264
256
211
43
284
173
285
109
271
128
43
75
238
110
286
29
27
75
198
27
20
102
129
250
51
210
273
150
167
18
287
273
261
265
185
22
39
7
51
111
211
2
5
49
51
35
110
113
62
45
15
256
170
167
134
207
24
271
26
59
146
275
76
97
284
51
102
210
74
241
288
231
128
126
28
289
95
63
211
290
285
91
139
42
57
126
29
67
291
292
119
25
293
287
68
256
294
295
16
129
38
76
296
297
93
109
156
237
146
150
22
297
44
176
27
152
24
70
209
93
139
250
47
24
273
189
189
127
132
190
7
25
288
73
298
3
273
172
33
10
94
72
122
228
223
3
15
299
221
215
227
172
284
260
217
72
50
251
43
25
158
287
86
247
300
219
111
43
158
62
131
86
301
33
247
222
106
22
191
36
167
185
32
205
60
50
141
108
210
26
29
302
158
125
151
303
304
240
305
306
94
198
231
304
307
70
138
296
158
26
29
308
66
235
162
138
309
183
76
31
51
310
311
133
40
5
28
224
63
100
312
19
41
313
10
101
43
184
169
52
314
116
245
26
108
60
315
1
250
88
93
276
26
285
40
261
264
27
287
238
12
20
22
256
21
274
21
109
316
177
58
5
89
185
194
10
218
210
95
59
138
29
26
120
103
252
72
224
227
160
40
2
65
193
315
317
246
10
240
113
177
318
10
30
319
145
320
182
321
205
29
182
26
29
127
56
1
24
250
85
322
323
256
110
113
52
324
47
293
100
325
61
185
103
127
88
309
25
240
25
326
302
95
5
142
60
231
298
327
328
93
72
101
68
145
329
269
145
44
90
110
29
26
25
264
225
330
113
331
230
21
190
90
332
35
333
161
251
69
334
288
72
29
176
198
26
65
335
51
336
43
215
64
235
43
119
11
337
286
2
285
139
139
7
338
53
150
43
231
80
334
237
167
7
295
171
180
95
142
27
178
269
49
33
124
64
40
307
339
284
32
25
44
142
158
340
341
40
296
178
59
119
250
53
144
86
109
254
19
264
115
83
86
162
43
21
342
265
343
145
141
157
316
26
344
44
154
25
201
83
275
135
162
219
305
345
72
16
2
25
185
21
72
346
216
126
51
142
91
193
136
295
29
171
41
39
229
42
83
93
89
67
104
132
5
32
211
20
66
19
347
81
48
101
168
248
198
8
344
175
326
103
271
297
63
296
348
173
127
349
139
238
