1
2
1
3
1
1
4
5
1
6
5
7
1
1
8
5
5
3
1
3
9
5
1
10
1
11
5
12
1
13
5
13
1
2
1
1
6
14
3
8
15
8
9
16
12
14
13
16
1
17
13
18
3
5
5
14
2
8
19
5
1
1
9
5
8
11
1
2
1
6
5
4
3
5
5
10
10
15
1
16
1
4
13
8
16
7
1
5
10
12
17
12
1
3
20
5
12
1
21
22
4
1
13
1
12
3
14
6
7
1
5
1
10
16
11
13
12
17
1
3
17
13
13
17
1
15
16
23
10
10
13
17
1
13
3
1
18
12
22
14
3
19
18
5
14
20
1
1
1
13
4
5
5
4
20
14
18
13
7
17
5
3
17
1
5
5
19
2
17
15
5
10
4
1
3
9
13
12
15
17
10
6
1
19
18
1
4
3
12
2
7
2
8
12
1
12
2
14
13
11
1
1
1
14
5
6
22
3
14
1
18
13
1
7
14
19
21
5
1
5
3
18
5
1
1
17
19
1
9
9
14
1
5
1
18
1
17
5
14
3
9
12
21
5
17
5
11
1
4
2
10
21
23
1
11
1
7
6
5
1
5
1
6
17
15
19
6
19
15
5
4
1
1
1
12
5
1
18
3
1
19
2
12
2
1
14
1
21
1
14
3
13
10
22
19
5
2
23
5
6
17
1
23
14
1
22
1
2
17
1
3
5
5
5
14
2
13
19
14
2
18
8
1
4
3
13
7
1
1
4
13
8
7
11
5
13
5
15
2
18
6
20
2
19
1
3
1
14
2
5
19
2
1
12
1
14
9
17
6
15
4
20
6
6
9
7
1
5
13
19
16
11
5
8
1
12
1
20
1
10
20
1
3
6
18
20
17
8
2
24
16
1
1
17
1
3
12
1
19
2
5
8
2
2
3
14
15
2
1
6
3
5
13
10
16
1
16
4
5
11
11
12
5
6
19
1
19
8
3
2
8
7
1
1
13
5
1
1
3
13
2
1
21
1
3
2
20
22
17
13
1
12
23
12
13
14
5
6
19
1
12
14
12
4
2
13
13
12
19
25
1
17
1
9
1
16
18
3
4
1
5
12
4
9
18
3
4
11
6
12
19
3
9
10
1
18
5
3
1
6
5
17
1
10
13
5
4
1
5
5
13
1
2
1
18
24
20
1
3
18
4
1
5
1
1
5
17
1
20
17
1
1
14
10
1
1
22
2
17
9
7
5
13
2
1
2
14
4
1
8
16
4
17
1
5
5
17
23
9
7
13
2
23
13
12
1
5
1
4
17
5
14
13
1
13
1
3
1
19
22
1
11
12
9
14
13
9
5
16
2
9
10
5
7
7
17
1
1
1
25
4
1
10
7
8
5
10
6
2
5
5
8
2
21
2
19
20
13
1
13
25
8
11
9
3
13
11
2
17
1
19
3
13
8
14
9
14
3
3
14
18
20
14
11
11
1
17
21
22
5
11
6
12
5
5
21
13
1
12
10
18
3
13
10
5
3
9
1
17
10
6
5
22
12
12
3
4
1
4
5
7
5
17
13
1
11
1
9
5
13
1
19
15
12
2
14
9
3
5
1
13
12
1
19
5
1
1
17
20
5
1
19
3
22
17
22
13
2
3
1
5
22
9
5
5
1
3
17
1
1
18
7
6
3
18
18
9
10
5
1
19
5
1
17
1
2
1
19
1
8
2
5
1
3
5
1
2
6
21
20
12
3
13
5
21
12
4
22
20
1
1
1
21
20
14
14
22
1
13
4
13
1
1
2
1
10
19
1
6
1
1
7
14
18
1
1
3
18
1
1
18
3
3
3
16
4
5
1
17
19
4
3
21
7
1
1
18
19
5
6
12
12
24
17
19
17
5
12
18
14
14
1
1
1
5
1
14
12
13
1
18
5
14
5
1
1
3
12
13
1
5
3
8
16
20
5
20
9
4
1
5
1
17
1
18
18
13
2
3
11
17
17
18
1
18
13
4
14
2
3
7
1
9
15
6
5
6
1
10
5
17
1
1
13
1
6
18
1
5
12
15
24
3
15
1
9
14
15
1
12
16
1
18
13
1
3
8
3
14
16
7
8
4
1
1
3
13
14
14
1
13
2
1
18
20
9
13
18
5
14
17
11
1
8
2
9
20
13
1
10
3
1
17
15
17
1
13
1
14
9
5
5
18
13
1
5
1
1
10
6
10
19
3
18
4
5
16
5
4
5
11
1
13
5
16
1
13
19
4
17
1
2
25
2
14
2
13
6
3
18
1
5
24
5
18
3
5
2
19
12
9
10
3
1
1
13
13
1
1
1
1
12
17
17
3
13
1
2
5
8
6
5
18
18
19
15
5
4
1
15
7
1
24
1
1
6
13
1
14
10
14
13
1
1
17
5
14
1
12
18
3
12
18
23
2
1
13
1
5
3
4
5
24
12
10
1
23
25
8
11
9
1
10
15
14
1
1
19
9
13
13
9
1
22
17
16
24
3
17
1
7
25
3
2
1
19
19
5
25
11
7
17
14
6
15
3
6
5
3
3
1
13
14
5
1
3
19
14
2
24
14
1
23
20
6
1
18
14
18
3
9
14
1
1
5
1
17
11
9
13
19
2
9
5
3
10
13
14
17
10
4
10
3
12
17
1
3
13
23
18
19
1
13
10
12
11
14
11
3
11
1
3
2
1
1
10
1
24
16
1
1
14
10
6
18
3
1
3
13
19
23
1
10
17
16
7
20
1
1
6
1
5
8
9
25
7
2
14
23
1
9
1
23
2
1
4
3
1
1
1
24
5
1
24
19
13
