1
2
1
3
1
4
5
6
1
7
6
8
1
1
9
6
4
3
10
3
11
6
1
12
1
13
6
14
10
15
6
15
1
2
1
10
7
16
3
9
17
9
18
19
20
16
21
19
1
22
15
23
3
4
6
16
24
9
20
6
10
10
11
6
9
13
1
25
4
7
6
5
3
4
4
12
12
17
10
19
1
26
27
9
19
8
10
6
12
24
22
14
10
3
28
29
14
29
30
31
5
10
15
1
14
3
16
32
8
10
29
10
21
33
13
21
14
22
10
3
22
21
15
22
1
17
19
34
12
21
21
22
1
27
3
10
35
14
31
16
35
20
36
6
16
28
1
1
1
15
5
6
6
5
37
16
36
21
8
22
6
3
22
10
6
4
20
24
22
17
6
12
5
1
35
11
21
14
17
22
27
7
4
20
36
10
26
3
38
24
8
24
9
38
10
14
24
16
15
13
10
10
4
16
6
7
31
3
32
29
35
15
10
8
16
20
30
6
10
6
35
36
6
1
1
33
20
10
11
11
16
1
6
1
36
1
22
29
16
35
18
14
30
6
22
29
13
10
5
2
12
30
34
4
13
10
25
7
29
1
39
1
7
22
17
20
7
20
17
39
5
10
4
10
14
6
1
36
3
10
20
24
18
24
10
16
10
30
10
16
3
15
27
31
20
4
2
40
39
32
22
1
34
16
1
31
10
24
22
10
3
29
6
39
16
41
21
20
16
24
36
9
10
26
3
27
25
1
10
26
21
9
8
13
4
21
4
17
41
35
32
28
2
20
10
3
10
16
24
39
20
2
10
38
10
16
18
22
7
17
26
42
32
32
18
25
10
6
21
20
19
43
6
9
29
14
29
28
1
12
28
10
35
7
36
28
22
9
2
44
33
1
29
22
10
3
18
1
20
41
6
9
24
2
3
16
17
41
10
32
35
29
21
12
19
10
19
42
6
13
13
38
6
7
20
4
20
9
45
24
9
25
10
1
27
6
10
1
3
15
41
10
30
29
3
41
42
31
22
21
1
24
34
38
15
16
29
32
20
1
24
27
14
5
24
27
21
14
20
46
1
22
10
11
10
19
23
45
5
1
6
38
26
11
40
3
42
13
7
38
20
3
18
27
1
36
4
45
10
7
39
22
10
21
15
6
5
29
6
29
21
1
2
10
36
26
42
10
36
36
26
1
4
10
1
4
22
10
42
22
10
10
16
12
10
10
31
24
22
11
8
29
21
41
1
2
16
26
1
9
19
5
22
10
6
6
41
43
18
25
15
24
34
15
14
10
39
4
5
22
6
16
21
1
15
10
3
4
20
31
10
13
38
11
16
21
11
29
19
41
11
12
6
8
25
22
1
10
1
42
5
10
12
8
9
39
12
32
24
6
6
9
2
30
2
20
28
15
10
21
46
9
43
11
43
15
13
41
22
10
20
3
21
9
16
11
16
45
35
16
47
28
16
13
13
10
22
30
48
4
43
32
14
6
6
30
21
10
38
27
47
45
21
12
6
3
11
10
22
12
7
39
48
38
24
35
5
1
26
29
8
39
22
21
29
13
29
18
6
27
4
20
17
38
24
27
11
43
39
1
21
14
10
20
39
4
1
22
37
6
10
20
45
31
22
31
15
24
45
1
39
31
18
39
29
1
3
22
10
29
47
25
32
3
40
47
11
12
4
1
20
6
10
22
1
2
4
20
10
48
24
6
10
3
6
4
24
32
30
28
14
45
15
4
30
14
5
48
37
10
1
29
30
42
16
16
31
10
15
26
27
1
1
2
10
12
20
1
32
10
1
8
16
43
4
4
47
40
10
4
47
3
3
3
19
5
29
10
22
20
42
3
30
25
1
10
23
20
39
7
14
24
44
22
20
22
39
14
47
16
16
10
10
10
6
4
16
38
15
10
47
6
16
6
1
29
3
24
15
10
6
3
9
19
42
29
37
11
42
29
6
10
22
4
36
40
21
2
45
13
22
22
47
10
35
21
5
16
2
45
8
1
11
17
32
4
7
1
12
6
22
10
29
15
1
7
47
10
39
14
17
44
45
17
1
11
16
17
10
24
33
29
36
15
1
45
9
45
16
33
25
9
5
10
10
3
21
16
16
4
15
41
1
36
28
11
21
47
6
16
22
43
1
9
2
11
37
15
10
12
35
1
22
17
22
10
15
1
16
11
39
39
40
15
1
29
1
4
12
32
12
20
36
36
26
4
19
4
26
6
13
29
27
4
33
1
15
20
5
41
29
41
42
24
16
2
27
7
35
35
4
6
44
39
36
35
6
41
20
14
18
21
3
1
1
21
15
1
10
4
1
14
22
22
43
27
4
24
6
9
32
39
47
36
20
17
4
5
10
17
25
4
44
4
10
7
27
4
16
12
16
15
10
10
22
29
16
10
14
35
3
14
23
34
24
1
15
4
39
3
42
39
44
38
12
10
34
46
48
3
18
10
12
17
16
29
1
20
18
15
27
18
10
31
22
19
26
45
22
4
8
46
45
2
29
20
20
6
46
13
25
22
16
32
17
45
32
6
3
3
1
27
16
39
4
3
20
16
24
26
16
10
34
37
7
4
23
16
47
3
18
16
29
4
4
4
22
13
18
21
20
24
11
39
35
12
21
16
22
12
5
12
3
14
22
4
36
15
40
23
20
4
21
21
14
43
16
13
45
13
29
3
2
4
4
12
29
26
19
10
10
16
21
7
36
3
1
45
21
20
34
1
21
22
19
8
37
10
4
7
1
29
9
11
37
8
24
16
34
1
18
10
40
41
10
5
45
10
1
29
44
6
10
44
20
15
