1
2
3
4
5
6
7
8
9
10
11
12
13
14
8
15
16
17
18
19
20
21
22
8
23
24
4
25
26
26
4
27
4
28
29
30
31
32
33
34
35
36
37
38
39
40
41
14
42
5
43
44
4
5
45
46
47
1
7
48
7
25
49
50
8
51
8
52
53
54
55
56
57
13
22
58
59
8
60
61
62
63
17
22
64
9
65
44
4
66
67
68
69
70
71
72
53
73
74
47
75
76
26
77
78
79
18
3
80
81
82
83
84
85
50
39
48
86
47
71
69
87
88
34
89
90
70
91
17
90
92
93
4
94
95
52
96
67
3
28
97
25
98
7
76
3
99
100
27
32
101
102
44
48
56
103
37
50
96
53
9
104
20
38
31
77
105
30
4
106
78
20
107
108
43
3
50
109
105
5
110
39
64
105
13
111
46
112
113
114
53
28
115
116
117
17
118
119
53
71
25
38
43
77
120
121
31
9
122
4
36
88
93
8
31
123
46
24
124
125
4
93
126
100
1
3
19
71
84
5
96
91
64
127
31
86
88
128
65
129
130
127
99
131
50
109
132
48
133
3
109
48
134
135
43
3
136
137
82
103
138
8
28
4
17
112
31
112
9
71
84
12
139
18
60
140
88
111
35
141
74
127
92
34
142
113
90
61
143
23
72
20
32
4
77
144
37
145
146
4
131
3
12
147
110
148
149
97
86
28
82
115
150
40
96
59
71
135
23
6
131
151
83
9
108
16
75
139
4
152
104
153
55
64
114
116
154
84
111
62
26
155
8
75
156
80
5
99
157
138
138
155
16
70
132
158
47
23
44
45
56
159
3
108
16
43
109
160
161
52
162
14
44
48
13
68
163
128
132
164
97
8
100
61
9
17
165
15
38
91
72
166
135
167
161
71
4
4
8
23
36
168
115
111
72
51
161
98
142
9
36
51
76
131
85
110
169
170
21
83
26
12
12
50
26
171
172
154
160
85
134
163
64
44
3
8
173
86
174
93
55
55
4
159
142
7
174
96
68
119
29
59
155
34
168
126
113
130
15
60
175
63
112
176
170
2
4
113
108
47
25
139
35
115
142
76
147
177
64
34
17
1
151
72
167
178
100
16
46
179
8
165
144
4
139
180
3
181
17
118
63
60
182
138
11
70
67
183
51
105
150
147
88
106
145
124
85
115
7
10
184
48
91
185
129
129
152
186
165
76
159
22
73
19
25
63
187
12
118
156
37
188
188
189
46
190
191
4
192
156
96
178
184
106
42
3
193
31
167
3
175
194
71
61
8
124
52
153
75
140
48
3
195
189
196
69
184
32
38
27
108
165
56
188
143
197
111
175
55
112
194
103
20
88
111
198
106
199
118
105
1
117
43
78
200
201
77
58
53
138
113
29
53
158
25
25
55
164
33
168
171
146
130
7
5
37
94
48
56
202
155
139
171
3
128
107
75
63
203
55
204
17
205
191
182
93
41
102
159
146
46
206
62
75
147
23
207
208
65
35
63
34
205
155
15
164
93
184
118
170
54
169
182
209
135
201
34
152
54
60
91
31
210
197
133
193
143
92
167
139
141
15
211
97
174
149
192
120
40
124
8
42
113
209
212
37
148
8
177
197
111
152
156
72
84
19
209
9
127
130
48
46
36
69
161
158
11
213
29
50
169
75
1
207
4
214
60
105
37
100
25
35
74
164
170
215
135
80
10
192
216
92
61
7
111
122
96
87
65
199
176
174
138
172
146
44
146
145
61
20
135
55
119
100
88
29
47
99
91
144
46
193
115
190
11
177
25
35
217
208
78
201
41
185
87
188
4
121
31
83
111
38
218
71
159
30
24
219
138
220
195
108
76
171
71
78
91
141
20
23
158
28
194
176
51
6
55
15
121
88
169
221
15
43
154
171
69
47
150
198
52
221
203
48
56
9
29
138
9
128
12
101
116
82
67
152
15
222
171
99
223
34
47
25
185
183
37
223
68
224
217
189
199
4
184
211
168
13
144
91
78
101
63
155
26
44
188
38
69
12
