1
2
3
4
5
6
7
8
4
9
10
11
12
13
8
14
15
16
17
18
16
19
20
8
20
21
4
8
22
22
4
23
4
15
24
25
26
27
28
2
7
26
26
2
29
23
6
13
25
5
1
5
4
5
30
21
27
1
7
8
7
8
31
15
8
32
8
32
33
1
34
15
13
12
20
21
35
8
17
5
31
27
16
20
15
4
29
5
4
28
20
36
16
19
33
1
33
36
1
27
27
13
22
7
33
28
17
3
35
37
12
10
33
6
15
29
3
2
27
33
16
38
22
2
29
30
11
32
16
30
17
39
4
27
24
32
12
20
3
15
32
8
2
7
13
3
13
40
23
27
21
21
5
3
15
31
26
15
12
33
4
6
16
2
26
7
19
25
4
31
33
16
33
19
1
3
15
15
19
5
41
29
14
19
12
8
21
15
15
36
33
15
15
25
28
16
8
17
33
33
8
2
1
7
42
31
26
4
43
4
26
22
39
8
26
29
21
21
15
4
4
39
16
40
1
3
18
33
33
5
12
32
14
10
26
2
22
21
29
43
12
10
13
14
15
15
39
3
28
3
15
3
1
40
1
3
18
28
12
31
27
8
15
4
16
15
26
15
4
33
33
11
44
17
17
24
22
8
7
30
1
10
17
2
10
15
30
5
2
20
1
16
27
4
7
7
26
34
45
4
14
3
11
46
41
25
31
32
2
15
12
15
15
23
12
35
33
40
20
6
14
26
10
4
19
15
27
44
4
39
43
23
34
15
36
25
7
33
8
31
22
31
8
27
1
35
5
13
34
27
27
31
15
11
39
43
27
20
5
30
4
47
3
19
15
1
15
30
34
32
32
13
5
3
12
36
47
21
39
38
32
8
40
5
4
16
6
14
2
32
45
13
40
35
34
33
4
4
8
20
26
28
15
8
45
32
34
2
10
4
26
32
13
14
6
41
10
17
19
10
22
11
11
15
22
35
5
7
39
6
1
47
14
5
3
8
36
2
22
39
34
34
4
47
10
7
7
12
36
17
24
35
31
46
28
16
15
39
14
17
42
27
15
11
17
2
4
15
19
2
8
44
7
15
10
13
46
43
15
46
16
1
26
45
35
38
40
15
31
24
8
6
7
4
44
47
3
32
16
8
27
17
11
27
10
11
20
48
32
19
15
46
22
31
34
15
6
15
7
9
4
3
32
44
43
43
39
23
6
13
47
20
36
18
8
27
18
11
8
1
26
3
3
15
21
37
24
4
26
1
12
38
5
47
25
3
29
26
35
3
42
4
33
5
8
15
32
23
27
24
3
3
10
15
38
16
4
27
2
23
19
6
4
3
2
37
8
42
34
15
4
31
16
22
8
36
31
31
8
19
1
28
1
33
34
10
7
21
33
27
15
24
33
43
8
8
34
38
28
28
35
45
12
7
5
26
27
3
4
29
31
44
35
3
21
33
27
27
21
34
2
16
22
24
11
39
6
21
47
45
31
7
29
27
46
45
15
30
29
7
27
46
22
31
14
38
39
4
8
17
1
18
11
38
40
10
46
39
1
17
32
26
49
37
28
29
2
17
35
44
30
14
16
32
22
49
26
42
37
15
8
25
15
37
31
26
25
8
43
37
8
39
1
45
33
18
38
4
10
12
3
31
26
16
34
43
10
47
24
4
18
27
1
15
4
44
17
19
26
40
8
7
34
38
17
46
40
9
9
26
19
17
5
7
8
43
12
38
29
49
11
7
27
5
45
5
45
34
5
16
40
34
45
40
22
24
27
13
32
7
21
29
15
37
10
43
8
7
1
30
33
10
6
44
38
3
4
31
26
10
8
2
12
33
47
25
21
42
27
13
10
19
13
35
33
33
32
30
16
20
43
15
4
11
32
6
34
14
31
22
10
1
14
1
7
35
16
27
15
36
32
1
31
3
4
4
24
27
4
21
11
47
25
12
20
39
14
29
35
13
45
46
27
8
44
48
26
45
36
28
1
16
49
4
4
16
28
12
7
32
33
47
27
31
22
5
3
2
16
11
