1
2
3
4
5
6
7
8
9
10
11
12
13
14
8
15
16
17
18
19
20
21
22
8
23
24
4
25
26
26
4
27
4
16
28
29
30
31
32
2
33
34
34
35
36
37
6
14
29
5
38
5
4
5
39
40
35
1
7
41
7
25
42
43
8
44
8
44
45
1
46
43
47
13
22
24
48
8
49
50
51
52
17
22
53
9
54
5
4
47
22
55
20
56
57
58
45
59
60
35
52
14
26
61
45
62
18
3
48
63
13
64
65
6
43
36
41
66
31
57
20
67
26
2
68
69
56
44
17
69
18
70
4
71
72
44
73
22
3
16
74
25
2
7
14
3
75
72
27
31
76
24
5
41
43
42
34
43
73
45
9
77
20
35
30
61
78
29
4
79
65
20
80
78
38
3
43
16
78
5
81
36
53
78
13
25
40
16
43
59
45
53
53
29
62
17
41
49
45
57
25
35
38
61
82
79
30
9
83
4
34
26
70
8
30
84
40
24
16
50
4
70
20
72
1
3
19
57
65
5
73
44
53
85
30
66
86
64
54
83
87
85
75
15
43
16
87
41
32
3
16
41
60
88
38
3
19
62
73
42
31
8
16
4
17
43
30
16
9
57
65
12
89
18
49
28
86
25
33
69
60
85
18
90
11
43
69
50
35
23
58
20
31
4
61
7
34
46
58
4
15
3
12
90
81
29
91
74
66
16
13
53
53
37
73
48
57
88
23
6
15
30
64
9
78
16
52
89
4
70
77
37
46
53
59
29
61
65
25
51
26
92
8
31
1
48
5
75
60
31
31
92
16
56
70
77
31
23
5
39
50
75
3
78
16
38
16
69
93
44
73
14
50
41
13
55
79
64
87
67
74
8
88
50
9
17
77
15
35
44
58
14
88
48
93
57
4
4
8
23
34
47
53
25
58
44
93
2
11
9
34
44
14
15
94
81
95
49
21
64
26
12
12
43
26
96
5
61
69
94
60
79
53
5
3
8
55
66
86
70
46
46
4
75
11
7
61
73
55
49
28
48
92
90
47
20
43
87
15
49
97
52
16
56
49
2
4
43
78
35
25
89
33
53
95
14
90
71
53
90
17
1
38
58
96
98
88
16
40
72
8
77
7
4
89
92
3
74
17
8
52
49
12
31
11
56
22
99
44
78
16
90
86
79
93
20
94
53
7
10
9
41
74
89
83
83
70
27
77
14
100
22
59
19
25
52
19
12
41
1
34
3
41
53
40
101
66
4
38
1
73
98
9
79
102
3
84
30
48
3
97
9
57
50
8
16
44
27
31
28
41
3
64
53
103
17
9
31
35
27
78
77
50
41
35
101
25
97
46
16
4
40
20
26
25
104
79
91
41
78
1
32
38
65
105
64
61
24
45
31
43
28
45
77
25
25
46
67
32
32
96
58
87
7
5
34
71
41
50
36
92
89
96
3
64
80
31
52
92
46
66
17
86
28
12
70
6
24
100
23
40
61
51
31
106
23
43
69
54
33
52
90
86
92
15
67
70
9
41
18
1
95
12
98
88
64
90
70
1
49
44
30
107
101
32
84
66
18
48
89
69
15
17
74
86
91
38
82
37
16
8
29
43
98
42
34
29
8
71
37
25
69
1
58
65
19
98
9
85
87
41
40
34
20
93
83
11
76
28
43
95
31
1
43
4
102
49
78
34
72
25
33
60
98
18
106
88
10
10
38
56
18
50
7
25
83
73
67
54
107
12
61
31
5
58
5
58
105
50
20
88
46
58
88
26
28
31
75
44
7
40
84
53
101
11
71
25
33
60
69
65
64
77
89
67
3
4
79
30
64
25
35
13
57
75
29
24
82
31
75
64
78
14
96
57
45
74
69
20
23
77
16
4
56
44
6
46
15
79
86
95
38
15
38
61
96
20
31
16
104
44
38
92
41
50
9
28
31
9
108
12
76
29
73
22
70
15
54
96
75
23
90
31
25
89
99
34
23
55
47
105
20
91
4
9
20
47
13
7
74
45
76
52
92
26
5
3
35
20
12
