1
2
3
4
3
5
2
3
4
6
7
8
9
10
3
8
4
11
1
7
11
11
9
3
9
10
4
3
12
12
4
13
4
11
2
10
1
12
10
2
2
1
1
2
14
13
5
10
10
3
1
4
4
3
15
16
2
1
2
3
2
3
16
4
3
9
3
9
12
1
1
4
10
9
9
16
6
3
1
4
16
12
11
9
11
4
14
3
4
10
9
13
11
8
5
1
5
13
1
2
12
10
12
2
12
10
1
3
6
13
9
7
12
5
4
14
3
2
2
5
11
17
12
2
14
15
8
9
11
15
1
15
4
2
18
9
9
9
3
11
9
3
2
2
10
3
10
18
13
2
16
16
4
3
4
16
1
4
9
12
4
5
11
2
1
2
11
10
4
16
12
11
5
11
1
3
4
11
11
3
18
14
8
11
9
4
16
4
4
13
12
11
11
10
10
11
3
1
12
5
3
2
1
12
14
16
1
4
5
4
1
12
15
3
1
14
16
16
11
4
4
15
11
18
1
3
7
5
12
3
9
9
8
7
1
2
12
7
14
5
9
7
10
8
4
11
15
3
10
3
11
3
1
18
1
3
7
10
9
16
2
3
11
4
11
4
1
11
4
5
12
8
10
1
1
18
12
4
2
15
1
7
1
2
7
4
15
4
2
9
1
11
12
4
12
2
1
1
1
4
8
3
8
2
18
10
16
9
2
11
9
11
11
13
9
6
5
18
9
5
8
1
7
4
11
11
12
10
4
15
5
13
1
11
13
10
2
12
4
14
12
16
3
12
1
6
3
10
1
2
2
16
11
8
15
5
2
9
3
15
4
16
3
11
11
1
11
15
1
9
9
10
4
3
9
13
16
7
15
17
9
3
18
4
4
11
5
8
2
9
1
10
18
6
1
5
4
4
3
9
1
10
11
4
1
9
1
2
7
4
1
9
10
8
5
18
7
1
11
7
12
8
8
4
12
17
3
2
15
5
1
16
8
3
3
3
13
2
12
15
1
1
4
16
7
2
12
9
13
1
18
6
16
2
10
11
4
15
8
1
19
12
11
8
1
2
4
4
11
2
3
10
2
11
7
10
2
12
11
2
11
1
1
1
6
17
18
11
16
18
3
5
2
4
10
16
3
9
11
3
12
1
8
12
7
8
9
13
9
11
11
2
12
16
1
11
5
11
2
6
4
3
9
10
5
5
15
13
5
10
16
9
13
7
3
12
7
8
3
1
1
3
3
11
16
13
2
4
1
1
9
17
4
16
10
3
14
1
6
3
19
4
5
4
3
11
9
13
12
18
3
3
7
11
17
11
4
12
2
13
11
5
4
3
2
13
3
19
1
11
4
16
11
12
4
13
16
16
3
11
1
10
1
12
1
7
12
16
5
12
4
18
5
5
3
3
1
17
10
10
17
1
15
2
3
1
2
3
4
14
16
10
17
3
7
5
12
12
16
1
2
11
12
18
8
15
5
16
16
1
16
2
14
12
2
1
4
15
14
2
12
2
12
16
8
17
15
4
3
1
1
7
8
17
18
7
2
15
1
1
9
1
16
13
10
14
2
1
6
10
15
8
11
9
12
16
1
19
13
11
3
10
4
17
16
1
10
3
5
13
3
15
1
1
12
7
17
4
7
9
3
16
1
11
1
5
7
16
18
4
7
12
1
4
4
10
1
11
1
18
3
2
1
17
1
2
18
6
6
1
11
1
4
2
3
5
9
17
14
16
8
12
12
3
1
4
1
1
4
11
18
1
1
18
12
18
12
10
9
2
16
14
11
13
7
5
3
2
1
15
12
7
5
10
17
3
4
16
1
7
3
2
9
5
16
10
16
19
12
10
7
11
10
17
5
5
9
15
11
9
5
11
4
8
9
5
1
8
16
12
7
1
8
1
2
17
11
12
11
13
9
1
16
3
4
4
18
12
4
7
8
16
10
9
9
15
8
14
17
10
1
2
12
3
10
13
1
1
13
10
1
11
16
4
4
11
10
9
2
9
5
16
12
16
12
4
3
2
11
8
