1
2
3
4
3
5
2
3
4
6
7
8
9
10
3
8
4
11
1
7
11
11
12
3
12
13
4
14
15
15
4
16
4
11
2
10
1
15
10
2
2
1
1
2
17
16
5
10
18
14
1
14
4
14
19
13
2
1
2
3
2
14
13
4
14
20
14
20
21
1
12
4
10
9
12
13
6
14
1
4
17
15
11
12
11
4
17
14
4
10
12
16
11
8
21
1
21
22
1
2
15
10
15
21
21
18
1
3
6
23
9
7
21
5
4
17
3
2
2
21
11
24
15
2
17
19
8
20
11
19
1
19
4
2
25
20
9
12
3
11
20
14
2
2
10
3
10
25
16
2
13
13
14
3
4
13
1
4
9
21
4
5
11
2
1
21
26
18
4
13
21
11
21
26
1
3
4
11
26
14
27
17
8
26
9
14
13
4
4
22
21
11
11
18
18
11
3
1
21
21
14
2
1
21
28
13
1
4
21
4
1
15
19
14
1
17
13
13
11
4
4
19
11
25
1
3
7
21
21
14
9
20
11
7
1
2
15
13
17
21
9
7
10
8
4
11
9
3
10
3
11
3
1
25
1
3
7
18
9
13
2
14
11
4
11
4
1
11
4
21
21
8
18
1
1
25
15
14
2
19
1
7
1
2
7
4
19
4
2
12
1
11
2
4
2
2
1
12
12
4
8
3
8
27
27
18
13
20
2
11
9
11
11
16
9
6
21
25
12
5
8
1
7
4
26
11
15
18
4
19
5
16
12
11
22
18
2
21
14
17
15
13
14
15
1
6
14
10
1
2
2
13
11
8
19
21
2
12
14
19
4
10
3
26
11
1
11
19
12
20
20
10
4
3
9
22
13
13
9
24
20
14
25
4
4
11
5
8
2
20
1
10
25
6
12
21
4
4
14
12
1
10
11
14
1
20
12
2
7
4
1
20
10
8
5
27
7
1
26
7
15
8
8
4
15
24
14
2
19
5
1
13
11
14
3
14
22
2
15
19
12
12
4
10
7
2
2
9
22
1
25
6
13
2
10
11
4
9
8
1
28
15
11
8
1
2
4
4
26
2
14
18
2
11
7
10
27
21
11
2
11
1
1
1
6
24
25
11
13
25
14
5
2
4
18
13
3
20
11
14
15
1
8
2
7
8
12
22
20
26
11
27
15
13
12
11
5
11
2
6
4
3
20
18
21
21
19
16
5
10
13
12
22
7
14
15
7
8
3
1
1
3
3
11
13
23
2
4
1
1
9
24
4
13
18
3
17
1
6
3
28
4
21
4
14
11
20
16
15
25
3
3
7
11
24
11
4
15
2
16
26
5
4
3
2
23
14
28
12
11
4
13
11
15
14
16
13
13
3
26
1
10
1
21
12
7
2
13
21
2
4
25
21
21
14
14
12
24
10
10
24
12
9
2
14
1
2
3
4
17
13
18
24
3
7
21
15
15
13
12
2
11
15
25
8
19
5
13
13
12
13
2
17
15
27
12
4
19
17
2
15
2
15
13
8
24
19
4
3
1
1
7
8
23
25
7
2
19
1
1
20
1
28
23
10
17
2
1
6
18
19
8
11
20
15
13
1
28
23
11
14
18
4
23
13
1
18
14
21
23
14
19
1
12
21
7
24
4
7
9
3
13
1
11
12
21
7
10
25
4
7
15
1
4
4
18
1
26
1
25
14
2
1
24
1
27
25
6
6
1
26
1
4
2
14
21
9
24
17
13
8
2
2
14
12
4
12
12
4
11
25
12
1
25
15
25
2
10
20
2
13
17
11
23
7
21
14
2
1
19
21
7
5
18
24
3
4
13
1
7
14
2
9
21
10
18
13
28
2
10
7
26
10
24
21
21
20
19
11
12
21
11
4
8
20
5
12
8
13
15
7
1
8
1
2
24
11
2
11
16
20
1
13
3
4
4
25
2
4
7
8
13
18
9
12
19
8
17
24
10
12
2
2
14
18
22
1
12
22
10
1
11
13
4
4
11
10
9
2
20
21
10
15
13
15
14
3
2
11
8
