1
2
3
4
5
6
7
8
9
10
1
11
7
11
5
12
1
7
4
13
5
2
9
5
11
12
5
4
5
2
5
9
13
2
1
9
2
4
5
13
4
14
8
5
7
11
4
7
5
12
6
4
4
11
9
1
1
15
4
5
6
3
13
4
16
11
6
7
4
10
12
10
8
5
10
3
10
4
17
11
5
3
16
13
11
6
14
15
13
2
4
2
11
3
2
4
13
12
15
3
4
8
4
1
14
13
1
6
5
15
8
3
4
10
5
17
1
4
17
4
12
15
13
3
16
13
16
5
13
3
13
9
11
2
5
13
9
5
9
4
11
7
3
16
14
13
10
7
7
5
9
1
4
6
8
5
9
10
3
4
11
16
4
4
17
3
10
3
10
8
5
9
15
15
17
1
17
4
16
8
5
13
13
11
11
13
13
17
10
4
17
9
12
6
15
9
4
5
17
2
13
10
4
11
10
11
10
10
12
11
15
4
16
16
16
17
9
4
13
1
8
16
13
2
11
9
3
6
1
7
9
2
3
7
15
4
7
5
3
11
10
9
2
4
12
14
2
2
4
9
4
11
12
14
9
3
8
14
1
3
13
4
3
14
9
3
5
16
5
4
10
2
11
17
9
2
3
13
4
5
10
9
12
3
15
13
3
9
8
10
9
7
14
10
2
3
10
9
11
4
7
10
5
10
8
2
2
3
12
13
5
7
9
11
3
5
4
8
9
6
16
12
13
16
3
13
4
6
17
6
9
9
15
9
3
10
11
4
13
6
5
5
13
4
4
11
8
8
3
15
3
3
16
12
9
13
3
2
12
4
2
2
13
5
9
5
1
13
10
4
5
5
12
5
15
10
9
16
4
3
16
15
17
9
4
10
8
11
9
3
7
11
16
5
15
5
7
4
6
4
6
5
3
3
4
5
9
5
1
5
1
6
9
4
2
3
6
2
5
17
3
12
17
11
11
5
12
13
4
9
15
7
10
3
4
4
2
2
4
10
10
10
11
3
13
15
5
11
13
10
6
10
2
5
5
7
3
13
4
2
9
5
12
17
15
15
13
11
17
12
8
9
17
7
6
15
6
10
14
17
8
1
11
5
10
8
13
6
13
9
1
13
9
14
11
7
13
7
9
5
17
5
7
7
10
5
12
4
10
10
9
8
1
1
2
2
4
7
6
1
3
5
3
15
9
4
11
5
5
8
13
4
4
9
1
6
13
4
2
13
11
17
2
14
3
4
3
9
14
13
4
12
5
6
4
4
5
9
13
9
8
3
14
9
8
9
1
4
9
14
15
10
13
4
7
4
10
13
13
11
11
4
13
11
9
17
13
5
14
7
9
1
10
11
5
13
1
12
14
10
15
3
14
15
13
9
1
10
10
15
3
9
6
15
11
3
11
11
7
9
9
13
17
4
5
6
11
11
5
1
4
9
3
10
12
2
10
10
1
3
5
12
7
2
4
10
16
11
1
8
11
13
9
7
1
3
14
17
16
7
9
11
11
6
13
4
4
1
5
5
3
1
3
14
13
10
13
3
13
13
12
11
3
11
5
3
4
13
5
3
6
5
5
17
16
10
4
14
12
4
9
13
13
10
6
13
3
10
7
3
12
6
14
7
1
13
8
4
13
14
12
4
2
7
1
13
11
15
5
4
11
5
10
2
5
3
4
5
3
4
10
11
1
9
10
3
8
15
9
