1
3
3
4
6
6
7
8
9
10
11
12
14
14
16
16
16
16
20
20
19
19
19
19
2
2
2
3
5
5
5
9
10
10
13
13
13
13
13
15
15
15
20
19
19
19
19
19
19
19
19
19
19
19
2
2
2
2
5
5
5
9
11
11
13
13
13
13
13
13
15
15
20
20
19
19
19
19
19
19
19
19
19
19
19
2
2
2
2
5
5
5
10
11
11
13
13
13
13
13
13
13
15
20
20
19
19
19
19
19
19
19
19
19
19
19
2
2
2
2
2
2
2
10
13
13
13
13
13
13
13
13
13
15
15
20
19
19
19
19
19
19
19
19
19
19
2
2
2
2
2
2
2
2
13
13
13
13
13
13
13
13
13
15
15
20
19
19
19
19
19
19
19
19
19
19
19
19
19
2
2
2
2
2
2
2
2
13
13
13
13
13
13
13
13
13
13
13
19
19
19
19
19
19
19
19
19
19
19
19
19
19
19
2
2
2
2
2
2
2
2
13
13
13
13
13
13
13
13
13
13
13
19
19
19
19
19
19
19
19
19
19
19
19
19
19
19
2
2
2
2
2
2
2
2
2
13
13
13
13
13
13
13
13
13
13
19
19
19
19
19
19
19
19
19
19
19
19
19
19
19
2
2
2
2
2
2
2
2
2
13
13
13
13
13
13
13
13
13
13
13
19
19
19
19
19
19
19
19
19
19
19
19
19
19
2
2
2
2
2
2
2
2
2
13
13
13
13
13
13
13
13
13
13
13
19
19
19
19
19
19
19
19
19
19
19
19
2
2
2
2
2
2
2
13
13
13
13
13
13
13
13
13
13
13
13
19
19
19
19
19
19
19
19
19
19
19
19
19
2
2
2
2
2
2
2
2
2
2
2
13
13
13
13
13
13
13
13
13
13
13
19
19
19
19
19
19
19
19
19
19
19
19
19
19
2
2
2
2
2
2
2
2
2
2
2
13
13
13
13
13
13
13
13
13
13
13
19
19
19
19
19
19
19
19
19
19
19
19
19
2
2
2
2
2
2
2
2
2
2
2
2
13
13
13
13
13
13
13
13
13
13
19
19
19
19
19
19
19
19
19
19
19
19
19
2
2
2
2
2
2
2
2
2
2
2
2
13
13
13
13
13
13
13
13
13
13
19
19
19
19
19
19
19
19
19
19
19
19
19
19
19
19
19
19
2
2
2
2
2
2
2
2
2
2
2
2
13
13
13
13
13
13
13
13
13
13
13
19
19
19
19
19
19
19
19
19
19
19
19
19
19
19
19
19
2
2
2
2
2
2
2
2
2
2
2
2
2
13
13
13
13
13
13
13
13
13
13
13
19
19
19
19
19
19
19
19
19
19
19
19
19
19
19
19
2
2
2
2
2
2
2
2
2
2
2
2
2
2
13
13
13
13
13
13
13
13
13
13
19
19
19
19
19
19
19
19
19
19
19
19
19
19
19
2
2
2
2
2
2
2
2
2
2
2
2
2
2
2
2
13
13
13
13
13
13
13
13
13
19
19
19
19
19
19
19
19
19
19
19
19
19
19
2
2
2
2
2
2
2
2
2
2
2
2
2
2
2
2
13
13
13
13
13
13
13
13
13
19
19
19
19
19
19
19
19
19
19
19
19
19
19
2
2
2
2
2
2
2
2
2
2
2
2
2
2
2
2
13
13
13
13
13
13
13
19
19
19
19
19
19
19
19
19
19
19
19
19
19
19
19
19
2
2
2
2
2
2
2
2
2
2
2
2
2
2
2
13
13
13
13
13
13
13
13
13
19
19
19
19
19
19
19
19
19
19
19
19
19
19
19
19
2
2
2
2
2
2
2
2
2
2
2
2
2
2
2
2
13
13
13
13
13
13
13
13
19
19
19
19
19
19
19
19
19
19
19
19
2
2
2
2
2
2
2
2
2
2
2
13
13
13
13
13
13
13
19
19
19
19
19
19
19
19
19
19
19
