1
2
3
4
5
6
7
8
9
10
11
12
13
14
15
15
15
15
19
19
21
22
22
22
25
26
27
28
29
30
31
32
33
34
35
36
37
38
39
40
41
42
43
44
45
46
47
47
49
50
50
52
52
52
55
56
57
58
59
60
61
62
63
64
65
66
67
68
69
70
71
72
43
74
46
46
47
79
79
80
81
81
52
52
52
86
87
88
89
91
91
92
94
94
95
96
98
98
99
69
71
71
72
73
73
45
77
77
78
80
80
82
82
52
52
52
86
90
90
90
90
90
92
93
93
96
97
97
97
100
100
100
71
71
73
73
77
77
77
77
82
82
82
82
82
82
90
90
90
90
90
90
90
93
93
93
97
97
97
97
100
100
100
100
73
73
77
77
77
77
77
82
82
82
82
82
82
82
82
90
90
90
90
90
90
90
90
93
93
97
97
97
97
97
100
100
100
100
77
77
77
77
77
77
82
82
82
82
82
82
82
82
82
90
90
90
90
90
90
90
90
90
97
97
97
97
97
97
97
100
100
100
77
77
77
77
77
77
82
82
82
82
82
82
82
82
82
90
90
90
90
90
90
90
90
90
97
97
97
97
97
97
97
97
97
97
77
77
77
77
77
77
77
82
82
82
82
82
82
82
82
90
90
90
90
90
90
90
90
90
97
97
97
97
97
97
97
97
97
97
77
77
77
77
77
77
77
82
82
82
82
82
82
82
82
90
90
90
90
90
90
90
90
90
97
97
97
97
97
97
97
97
97
97
97
77
77
77
77
82
82
82
82
82
82
82
82
90
90
90
90
90
90
90
97
97
97
97
97
97
97
97
97
97
97
97
97
97
82
82
82
82
82
82
82
82
82
82
82
90
90
90
90
90
90
90
90
90
90
90
97
97
97
97
97
97
97
97
97
97
97
97
82
82
82
82
82
82
82
82
82
82
82
82
82
90
90
90
90
90
90
90
90
90
90
90
97
97
97
97
97
97
97
97
97
97
97
82
82
82
82
82
82
82
82
82
82
82
82
82
90
90
90
90
90
90
90
90
90
90
90
90
97
97
97
97
97
97
97
97
97
97
97
82
82
82
82
82
82
82
82
82
82
82
82
90
90
90
90
90
90
90
90
90
90
90
90
90
97
97
97
97
97
97
97
97
97
82
82
82
82
82
82
82
82
82
82
82
82
82
82
82
82
82
82
90
90
90
90
90
90
90
90
90
90
90
90
90
97
97
97
97
97
97
97
97
97
97
82
82
82
82
82
82
82
82
82
82
82
82
82
82
82
82
82
90
90
90
90
90
90
90
90
90
90
90
90
90
90
97
97
97
97
97
97
97
97
97
97
82
82
82
82
82
82
82
82
82
82
82
82
82
82
82
82
90
90
90
90
90
90
90
90
90
90
90
90
90
90
97
97
97
97
97
97
97
97
97
97
82
82
82
82
82
82
82
82
82
82
82
82
82
82
82
90
90
90
90
90
90
90
90
90
90
90
90
90
90
90
90
97
97
97
97
97
97
97
97
97
82
82
82
82
82
82
82
82
82
82
82
82
82
82
90
90
90
90
90
90
90
90
90
90
90
90
90
90
90
90
97
97
97
97
97
97
97
97
97
82
82
82
82
82
82
82
82
82
82
82
82
82
82
90
90
90
90
90
90
90
90
90
90
90
90
90
90
90
90
97
97
97
97
97
97
97
82
82
82
82
82
82
82
82
82
82
82
82
82
82
82
82
82
90
90
90
90
90
90
90
90
90
90
90
90
90
90
90
97
97
97
97
97
97
97
97
97
82
82
82
82
82
82
82
82
82
82
82
82
82
82
82
82
90
90
90
90
90
90
90
90
90
90
90
90
90
90
90
90
97
97
97
97
97
97
97
97
82
82
82
82
82
82
82
82
82
82
82
82
90
90
90
90
90
90
90
90
90
90
90
97
97
97
97
97
97
97
82
82
82
82
82
82
82
82
82
82
82
