1
2
3
4
5
6
7
8
9
10
11
12
13
14
15
15
15
15
19
19
21
22
22
22
27
26
27
28
30
30
31
32
33
33
35
36
38
38
39
41
41
42
43
44
45
46
48
48
22
22
50
50
50
50
25
25
27
28
29
29
31
33
34
34
35
37
37
38
39
40
40
42
43
44
46
46
47
49
49
49
50
50
50
50
50
25
25
25
27
29
29
31
34
34
35
36
37
37
37
40
40
40
40
43
43
45
47
47
49
49
49
50
50
50
50
50
25
25
25
25
25
25
29
34
34
34
37
37
37
37
40
40
40
40
43
43
47
47
47
47
49
49
49
50
50
50
25
25
25
25
25
25
25
34
34
34
34
34
37
40
40
40
40
40
40
43
47
47
47
47
47
47
47
50
50
50
50
50
50
25
25
25
25
25
25
25
25
34
34
34
34
34
34
40
40
40
40
40
47
47
47
47
47
47
47
47
50
50
50
50
50
50
50
25
25
25
25
25
25
25
25
34
34
34
34
34
34
34
40
40
40
40
47
47
47
47
47
47
47
47
50
50
50
50
50
50
50
25
25
25
25
25
25
25
25
34
34
34
34
34
34
34
40
40
40
40
47
47
47
47
47
47
47
47
50
50
50
50
50
50
50
25
25
25
25
25
25
25
25
34
34
34
34
34
34
34
40
40
40
40
47
47
47
47
47
47
47
50
50
50
50
50
50
50
50
25
25
25
25
25
25
25
25
34
34
34
34
34
34
34
34
34
34
34
47
47
47
47
47
47
47
47
50
50
50
50
50
25
25
25
25
25
25
34
34
34
34
34
34
34
34
34
34
34
34
47
47
47
47
47
47
47
47
50
50
50
50
50
50
25
25
25
25
25
25
25
25
25
34
34
34
34
34
34
34
34
34
34
34
34
34
47
47
47
47
47
47
47
47
50
50
50
50
50
50
25
25
25
25
25
25
25
25
25
34
34
34
34
34
34
34
34
34
34
34
34
34
47
47
47
47
47
47
47
47
47
47
47
47
50
25
25
25
25
25
25
25
25
25
25
34
34
34
34
34
34
34
34
34
34
34
34
47
47
47
47
47
47
47
47
47
47
47
47
47
25
25
25
25
25
25
25
25
25
25
34
34
34
34
34
34
34
34
34
34
34
34
47
47
47
47
47
47
47
47
47
47
47
47
47
47
47
47
47
47
25
25
25
25
25
25
25
25
25
25
25
34
34
34
34
34
34
34
34
34
34
34
34
47
47
47
47
47
47
47
47
47
47
47
47
47
47
47
47
47
25
25
25
25
25
25
25
25
25
25
25
34
34
34
34
34
34
34
34
34
34
34
34
34
47
47
47
47
47
47
47
47
47
47
47
47
47
47
47
47
25
25
25
25
25
25
25
25
25
25
25
25
25
34
34
34
34
34
34
34
34
34
34
34
47
47
47
47
47
47
47
47
47
47
47
47
47
47
47
25
25
25
25
25
25
25
25
25
25
25
25
25
25
25
25
34
34
34
34
34
34
34
34
34
47
47
47
47
47
47
47
47
47
47
47
47
47
47
25
25
25
25
25
25
25
25
25
25
25
25
25
25
25
25
34
34
34
34
34
34
34
34
34
47
47
47
47
47
47
47
47
47
47
47
47
47
47
25
25
25
25
25
25
25
25
25
25
25
25
25
25
25
34
34
34
34
34
34
34
34
47
47
47
47
47
47
47
47
47
47
47
47
47
47
47
47
47
25
25
25
25
25
25
25
25
25
25
25
25
25
25
25
34
34
34
34
34
34
34
34
34
47
47
47
47
47
47
47
47
47
47
47
47
47
47
47
47
25
25
25
25
25
25
25
25
25
25
25
25
25
25
25
34
34
34
34
34
34
34
34
34
47
47
47
47
47
47
47
47
47
47
47
47
25
25
25
25
25
25
25
25
25
25
25
34
34
34
34
34
34
34
47
47
47
47
47
47
47
47
47
47
47
