-0.5,-0.5
-0.5,-0.5
-0.5,-0.5
-0.5,-0.5
-0.455,-0.5
-0.41,-0.495
-0.4067,-0.4933
-0.4067,-0.4933
-0.4067,-0.4933
-0.4012,-0.485
-0.4012,-0.485
-0.391,-0.486
-0.391,-0.486
-0.391,-0.486
-0.3783,-0.48
-0.335,-0.475
-0.3233,-0.4733
-0.3233,-0.4733
-0.3233,-0.4733
-0.3233,-0.4733
-0.31,-0.465
-0.276,-0.47
-0.276,-0.47
-0.276,-0.47
-0.252,-0.47
-0.252,-0.47
-0.252,-0.47
-0.252,-0.47
-0.252,-0.47
-0.5,-0.4525
-0.4833,-0.4667
-0.4833,-0.4667
-0.4833,-0.4667
-0.475,-0.475
-0.42,-0.4725
-0.4133,-0.4717
-0.4093,-0.47
-0.4093,-0.47
-0.4025,-0.4733
-0.4025,-0.4733
-0.395,-0.4757
-0.395,-0.4757
-0.3925,-0.48
-0.3638,-0.475
-0.3388,-0.47
-0.3275,-0.4625
-0.3233,-0.4733
-0.3233,-0.4733
-0.3233,-0.4733
-0.2907,-0.4667
-0.2907,-0.4667
-0.2907,-0.4667
-0.276,-0.47
-0.276,-0.47
-0.252,-0.47
-0.2435,-0.45
-0.252,-0.47
-0.252,-0.47
-0.252,-0.47
-0.05,-0.43
-0.05,-0.43
-0.5,-0.4525
-0.49,-0.452
-0.49,-0.452
-0.4875,-0.44
-0.4875,-0.44
-0.43,-0.45
-0.4175,-0.46
-0.4093,-0.47
-0.4106,-0.4625
-0.4093,-0.47
-0.4025,-0.4733
-0.395,-0.4757
-0.385,-0.4657
-0.3721,-0.4614
-0.359,-0.458
-0.339,-0.462
-0.339,-0.462
-0.3275,-0.4625
-0.3275,-0.4625
-0.32,-0.4533
-0.2907,-0.4667
-0.2907,-0.4667
-0.2805,-0.455
-0.2592,-0.4475
-0.2572,-0.44
-0.2412,-0.43
-0.2334,-0.432
-0.2334,-0.432
-0.2293,-0.435
-0.2293,-0.435
-0.2217,-0.4233
-0.21,-0.42
-0.05,-0.43
-0.05,-0.43
-0.05,-0.43
-0.05,-0.43
-0.05,-0.43
-0.05,-0.43
-0.05,-0.43
-0.05,-0.43
0.02,-0.41
0.02,-0.41
0.09,-0.41
0.09,-0.41
-0.495,-0.4275
-0.4817,-0.4267
-0.4817,-0.4267
-0.4817,-0.4267
-0.4729,-0.4243
-0.435,-0.4138
-0.425,-0.42
-0.4206,-0.4244
-0.4156,-0.4275
-0.4156,-0.4275
-0.4107,-0.4243
-0.4019,-0.425
-0.3837,-0.4475
-0.375,-0.438
-0.357,-0.44
-0.345,-0.428
-0.328,-0.43
-0.325,-0.44
-0.325,-0.44
-0.32,-0.4533
-0.32,-0.4533
-0.2742,-0.446
-0.2677,-0.4433
-0.2552,-0.4333
-0.2409,-0.4214
-0.237,-0.4213
-0.237,-0.4213
-0.2334,-0.4189
-0.2334,-0.4189
-0.2258,-0.415
-0.2017,-0.4117
-0.2017,-0.4117
-0.1908,-0.405
-0.18,-0.4025
-0.1567,-0.4
-0.1567,-0.4
-0.13,-0.4
-0.13,-0.4
-0.13,-0.4
-0.13,-0.4
-0.05,-0.43
-0.05,-0.43
-0.05,-0.43
-0.05,-0.43
-0.05,-0.43
-0.05,-0.43
-0.05,-0.43
-0.05,-0.43
-0.015,-0.42
-0.0033,-0.4133
0.02,-0.405
0.02,-0.405
0.03,-0.4033
0.0325,-0.4
0.036,-0.398
0.0525,-0.4025
0.07,-0.405
0.08,-0.4033
0.095,-0.405
0.095,-0.405
0.095,-0.405
0.095,-0.405
0.095,-0.405
0.18,-0.4
0.18,-0.4
0.18,-0.4
0.18,-0.4
0.18,-0.4
0.18,-0.4
-0.488,-0.422
-0.488,-0.422
-0.4817,-0.4267
-0.4817,-0.4267
-0.4522,-0.4133
-0.4386,-0.4086
-0.435,-0.4138
-0.425,-0.42
-0.425,-0.42
-0.4107,-0.4243
-0.4107,-0.4243
-0.4107,-0.4243
-0.3895,-0.419
-0.361,-0.426
-0.3513,-0.42
-0.34,-0.4067
-0.335,-0.42
-0.335,-0.42
-0.335,-0.42
-0.335,-0.42
-0.2998,-0.424
-0.248,-0.41
-0.244,-0.4067
-0.2406,-0.4086
-0.2382,-0.4056
-0.2354,-0.4018
-0.2354,-0.4018
-0.2319,-0.405
-0.2299,-0.4078
-0.2145,-0.4082
-0.1983,-0.4044
-0.1937,-0.405
-0.1879,-0.4014
-0.1725,-0.395
-0.1608,-0.39
-0.1579,-0.3871
-0.156,-0.392
-0.1567,-0.4
-0.11,-0.39
-0.11,-0.39
-0.09,-0.4033
-0.09,-0.4033
-0.07,-0.405
-0.07,-0.405
-0.05,-0.43
-0.05,-0.43
-0.05,-0.43
-0.0033,-0.4133
-0.0033,-0.4133
-0.0033,-0.4133
0.0325,-0.4
0.036,-0.398
0.036,-0.398
0.036,-0.398
0.045,-0.4
0.0529,-0.4
0.0529,-0.4
0.066,-0.398
0.0725,-0.4
0.08,-0.4033
0.095,-0.405
0.095,-0.405
0.095,-0.405
0.1233,-0.4033
0.14,-0.4
0.18,-0.4
0.18,-0.4
0.18,-0.4
0.18,-0.4
0.18,-0.4
0.18,-0.4
0.18,-0.4
-0.485,-0.415
-0.485,-0.415
-0.478,-0.404
-0.4563,-0.4025
-0.4386,-0.3957
-0.4386,-0.3957
-0.4386,-0.3957
-0.4317,-0.395
-0.4317,-0.395
-0.42,-0.4025
-0.42,-0.4025
-0.3914,-0.3929
-0.3914,-0.3929
-0.35,-0.3925
-0.34,-0.4067
-0.34,-0.4067
-0.34,-0.4067
-0.34,-0.4067
-0.34,-0.4067
-0.34,-0.4067
-0.34,-0.395
-0.2488,-0.396
-0.2456,-0.3929
-0.2443,-0.3933
-0.2411,-0.3869
-0.2366,-0.39
-0.2366,-0.39
-0.2349,-0.3962
-0.2228,-0.3963
-0.2159,-0.3993
-0.2045,-0.4009
-0.1925,-0.395
-0.174,-0.395
-0.1689,-0.3922
-0.1637,-0.3888
-0.1556,-0.3825
-0.1445,-0.38
-0.1445,-0.38
-0.125,-0.376
-0.1175,-0.3775
-0.11,-0.38
-0.095,-0.3925
-0.07,-0.405
-0.07,-0.405
-0.07,-0.405
-0.07,-0.405
-0.05,-0.43
-0.0033,-0.4133
-0.0033,-0.4133
0.0267,-0.4
0.036,-0.398
0.036,-0.398
0.036,-0.398
0.036,-0.398
0.045,-0.4
0.0529,-0.4
0.0529,-0.4
0.066,-0.398
0.066,-0.398
0.0725,-0.4
0.1033,-0.3867
0.1033,-0.3867
0.1033,-0.3867
0.1233,-0.4033
0.14,-0.4
0.18,-0.4
0.18,-0.4
0.18,-0.4
0.18,-0.4
0.18,-0.4
0.18,-0.4
0.18,-0.4
0.18,-0.4
-0.47,-0.4
-0.4633,-0.3867
-0.4633,-0.3867
-0.4633,-0.3867
-0.4417,-0.3933
-0.4386,-0.3957
-0.4386,-0.3957
-0.4271,-0.3871
-0.4213,-0.3825
-0.4157,-0.38
-0.41,-0.3833
-0.41,-0.3833
-0.3886,-0.3829
-0.365,-0.37
-0.3533,-0.38
-0.3533,-0.38
-0.3533,-0.38
-0.34,-0.395
-0.33,-0.3733
-0.33,-0.3733
-0.298,-0.374
-0.2467,-0.3717
-0.2454,-0.3767
-0.2435,-0.38
-0.2435,-0.38
-0.2403,-0.3817
-0.2388,-0.3846
-0.2367,-0.3871
-0.2269,-0.3847
-0.2163,-0.3873
-0.1968,-0.3927
-0.1789,-0.3889
-0.169,-0.377
-0.16,-0.38
-0.1505,-0.376
-0.1505,-0.376
-0.145,-0.3764
-0.1412,-0.3733
-0.1236,-0.3671
-0.1236,-0.3671
-0.114,-0.37
-0.1075,-0.37
-0.1,-0.36
-0.1,-0.37
-0.09,-0.38
-0.09,-0.38
0.02,-0.405
0.0267,-0.4
0.0325,-0.3975
0.036,-0.398
0.036,-0.398
0.036,-0.398
0.036,-0.398
0.0529,-0.4
0.066,-0.398
0.066,-0.398
0.075,-0.39
0.09,-0.3875
0.1033,-0.3867
0.1033,-0.3867
0.1033,-0.3867
0.1333,-0.3833
0.15,-0.375
0.15,-0.375
0.18,-0.4
0.18,-0.4
0.18,-0.4
0.18,-0.4
0.18,-0.4
0.18,-0.4
-0.48,-0.4
-0.465,-0.38
-0.4633,-0.3867
-0.4633,-0.3867
-0.4633,-0.3867
-0.455,-0.38
-0.4283,-0.3833
-0.415,-0.375
-0.415,-0.375
-0.415,-0.375
-0.408,-0.378
-0.39,-0.345
-0.39,-0.345
-0.3733,-0.36
-0.365,-0.37
-0.3425,-0.3675
-0.3425,-0.3675
-0.33,-0.3733
-0.33,-0.3733
-0.325,-0.36
-0.27,-0.35
-0.2557,-0.3586
-0.2557,-0.3586
-0.2431,-0.3687
-0.2422,-0.3722
-0.2422,-0.3722
-0.239,-0.367
-0.2359,-0.37
-0.2323,-0.3618
-0.2217,-0.3625
-0.2065,-0.362
-0.1727,-0.3718
-0.1679,-0.3645
-0.1552,-0.364
-0.1511,-0.3636
-0.1455,-0.3646
-0.1411,-0.3582
-0.1318,-0.3533
-0.126,-0.354
-0.1228,-0.3522
-0.115,-0.3517
-0.1,-0.36
-0.1,-0.36
-0.1,-0.36
-0.095,-0.36
0.02,-0.4
0.03,-0.395
0.0367,-0.3933
0.04,-0.378
0.04,-0.378
0.04,-0.378
0.045,-0.3725
0.0467,-0.3933
0.0775,-0.3825
0.09,-0.38
0.11,-0.375
0.11,-0.375
0.11,-0.375
0.12,-0.35
0.12,-0.35
0.12,-0.35
0.15,-0.375
0.15,-0.375
0.18,-0.4
0.18,-0.4
0.18,-0.4
-0.45,-0.36
-0.45,-0.36
-0.45,-0.36
-0.45,-0.36
-0.425,-0.35
-0.425,-0.35
-0.425,-0.35
-0.41,-0.335
-0.404,-0.328
-0.3925,-0.32
-0.3867,-0.33
-0.3867,-0.33
-0.3867,-0.33
-0.3675,-0.33
-0.3567,-0.3267
-0.345,-0.34
-0.31,-0.33
-0.31,-0.33
-0.31,-0.33
-0.28,-0.34
-0.261,-0.338
-0.2592,-0.3433
-0.2556,-0.3512
-0.2479,-0.3543
-0.2406,-0.3522
-0.237,-0.348
-0.237,-0.348
-0.2331,-0.35
-0.2307,-0.3471
-0.197,-0.335
-0.1752,-0.345
-0.1619,-0.3422
-0.1619,-0.3422
-0.1489,-0.35
-0.1347,-0.3418
-0.1312,-0.338
-0.1312,-0.338
-0.1286,-0.3344
-0.1206,-0.3355
-0.1106,-0.3325
-0.098,-0.338
-0.098,-0.338
-0.09,-0.34
-0.09,-0.32
-0.005,-0.295
-0.005,-0.295
-0.005,-0.295
0.01,-0.3
0.02,-0.305
0.02,-0.305
0.04,-0.31
0.04,-0.31
0.04,-0.31
0.06,-0.3
0.08,-0.3167
0.1,-0.32
0.1,-0.32
0.12,-0.35
0.12,-0.35
0.13,-0.32
0.13,-0.32
0.13,-0.32
0.13,-0.32
0.12,-0.35
-0.45,-0.36
-0.45,-0.36
-0.43,-0.325
-0.42,-0.33
-0.42,-0.33
-0.3967,-0.31
-0.3925,-0.32
-0.3925,-0.32
-0.3925,-0.32
-0.3925,-0.32
-0.3925,-0.32
-0.3867,-0.33
-0.3567,-0.3267
-0.345,-0.315
-0.31,-0.33
-0.31,-0.33
-0.31,-0.33
-0.2825,-0.315
-0.2825,-0.315
-0.265,-0.3325
-0.261,-0.338
-0.241,-0.336
-0.2325,-0.3175
-0.2325,-0.3175
-0.2325,-0.3175
-0.2307,-0.3114
-0.2117,-0.3033
-0.1967,-0.3075
-0.1874,-0.314
-0.1653,-0.3267
-0.1589,-0.3229
-0.1446,-0.3214
-0.1345,-0.3233
-0.1296,-0.3257
-0.1219,-0.3267
-0.1219,-0.3267
-0.1219,-0.3267
-0.1092,-0.3217
-0.1092,-0.3217
-0.1025,-0.3125
-0.0967,-0.3167
-0.08,-0.3
-0.03,-0.2967
-0.03,-0.2967
-0.005,-0.295
-0.005,-0.295
0.0126,-0.29
0.0126,-0.29
0.0126,-0.29
0.0126,-0.29
0.0307,-0.2925
0.0438,-0.2883
0.0526,-0.286
0.06,-0.2875
0.06,-0.2875
0.084,-0.302
0.1067,-0.3067
0.115,-0.3025
0.115,-0.3025
0.1267,-0.3067
0.1267,-0.3067
0.1267,-0.3067
0.13,-0.32
0.16,-0.28
0.16,-0.28
0.18,-0.27
0.18,-0.27
-0.43,-0.2633
-0.4275,-0.2625
-0.4275,-0.2625
-0.4167,-0.2667
-0.4033,-0.2817
-0.4033,-0.2817
-0.4033,-0.2817
-0.402,-0.288
-0.385,-0.2975
-0.38,-0.2833
-0.365,-0.28
-0.365,-0.28
-0.34,-0.285
-0.3267,-0.28
-0.316,-0.268
-0.3075,-0.27
-0.2912,-0.2825
-0.2912,-0.2825
-0.2825,-0.315
-0.2438,-0.27
-0.24,-0.2683
-0.2317,-0.2767
-0.2297,-0.275
-0.2274,-0.2778
-0.2253,-0.2812
-0.2147,-0.28
-0.2053,-0.28
-0.1941,-0.2871
-0.1831,-0.2957
-0.1665,-0.3038
-0.1467,-0.3014
-0.1453,-0.295
-0.1337,-0.3067
-0.1189,-0.2943
-0.1165,-0.3
-0.1075,-0.305
-0.1036,-0.2971
-0.0983,-0.2933
-0.098,-0.284
-0.0925,-0.28
-0.045,-0.295
-0.03,-0.2967
-0.03,-0.2967
0.0,-0.2867
0.0058,-0.285
0.0126,-0.29
0.0138,-0.2833
0.0204,-0.2829
0.0254,-0.2812
0.0314,-0.2822
0.0441,-0.2825
0.0572,-0.2817
0.0572,-0.2817
0.0786,-0.2786
0.0786,-0.2786
0.0929,-0.2757
0.1062,-0.2712
0.1183,-0.2717
0.1183,-0.2717
0.126,-0.268
0.152,-0.272
0.152,-0.272
0.152,-0.272
0.1667,-0.2733
0.1667,-0.2733
0.18,-0.265
0.18,-0.265
0.18,-0.27
-0.44,-0.25
-0.44,-0.25
-0.4333,-0.2533
-0.424,-0.26
-0.42,-0.2583
-0.415,-0.2537
-0.4111,-0.2589
-0.409,-0.256
-0.409,-0.256
-0.3956,-0.2578
-0.3956,-0.2578
-0.3929,-0.2614
-0.3625,-0.265
-0.35,-0.27
-0.33,-0.262
-0.3175,-0.2525
-0.3175,-0.2525
-0.3175,-0.2525
-0.2937,-0.2625
-0.2783,-0.2583
-0.2656,-0.2578
-0.2523,-0.2573
-0.2462,-0.255
-0.2373,-0.2558
-0.2337,-0.2579
-0.2242,-0.2637
-0.2242,-0.2637
-0.2201,-0.2629
-0.2152,-0.2682
-0.2045,-0.2733
-0.1887,-0.27
-0.1718,-0.27
-0.1503,-0.285
-0.1403,-0.2762
-0.1369,-0.28
-0.12,-0.28
-0.11,-0.2788
-0.1064,-0.2729
-0.1064,-0.2729
-0.1017,-0.2767
-0.0925,-0.28
-0.0867,-0.27
-0.0675,-0.275
-0.0567,-0.28
0.0,-0.2867
0.0046,-0.276
0.0072,-0.2717
0.0072,-0.2717
0.0119,-0.2771
0.0226,-0.2767
0.0226,-0.2767
0.0363,-0.28
0.0466,-0.2763
0.0466,-0.2763
0.0647,-0.2786
0.0786,-0.2786
0.09,-0.27
0.1011,-0.2711
0.1011,-0.2711
0.1129,-0.27
0.1129,-0.27
0.1414,-0.2671
0.1414,-0.2671
0.1414,-0.2671
0.152,-0.272
0.16,-0.27
0.16,-0.27
0.1967,-0.2567
0.1967,-0.2567
0.1967,-0.2567
0.1967,-0.2567
0.23,-0.24
0.23,-0.24
0.23,-0.24
-0.44,-0.25
-0.4333,-0.2533
-0.43,-0.244
-0.425,-0.245
-0.4178,-0.2489
-0.415,-0.247
-0.415,-0.247
-0.4122,-0.2511
-0.4036,-0.2564
-0.3956,-0.2578
-0.3956,-0.2578
-0.3778,-0.2478
-0.3738,-0.2475
-0.3329,-0.2386
-0.3233,-0.24
-0.315,-0.2417
-0.315,-0.2417
-0.315,-0.2417
-0.2921,-0.2386
-0.2764,-0.24
-0.2673,-0.24
-0.2542,-0.2438
-0.2444,-0.244
-0.2383,-0.2433
-0.2349,-0.241
-0.2273,-0.2415
-0.2248,-0.2444
-0.2231,-0.2453
-0.2184,-0.2471
-0.2129,-0.2482
-0.1946,-0.2475
-0.1654,-0.254
-0.1538,-0.2525
-0.143,-0.254
-0.1392,-0.2617
-0.1108,-0.2517
-0.1108,-0.2517
-0.1108,-0.2517
-0.1042,-0.2517
-0.0975,-0.2517
-0.09,-0.252
-0.0825,-0.255
-0.0833,-0.24
-0.03,-0.26
-0.02,-0.2625
0.005,-0.2625
0.0072,-0.2717
0.0072,-0.2717
0.0072,-0.2717
0.0147,-0.2714
0.0233,-0.2686
0.0379,-0.2575
0.0426,-0.2611
0.0479,-0.2637
0.0626,-0.2567
0.0875,-0.255
0.0911,-0.2578
0.096,-0.258
0.1067,-0.2644
0.1171,-0.26
0.1171,-0.26
0.1375,-0.2612
0.1414,-0.2671
0.1414,-0.2671
0.152,-0.266
0.1725,-0.25
0.184,-0.248
0.195,-0.245
0.195,-0.245
0.1967,-0.2567
0.1967,-0.2567
0.25,-0.23
0.25,-0.23
0.25,-0.23
0.25,-0.23
0.27,-0.22
0.27,-0.22
0.27,-0.22
-0.44,-0.2367
-0.44,-0.2275
-0.436,-0.234
-0.4238,-0.2375
-0.418,-0.238
-0.4164,-0.2345
-0.4164,-0.2345
-0.4142,-0.2308
-0.4118,-0.2336
-0.3867,-0.2267
-0.3867,-0.2267
-0.3836,-0.2236
-0.366,-0.229
-0.3475,-0.22
-0.3244,-0.2289
-0.3244,-0.2289
-0.32,-0.2325
-0.32,-0.2325
-0.2882,-0.229
-0.2814,-0.2325
-0.2613,-0.2322
-0.2507,-0.2305
-0.2485,-0.231
-0.2353,-0.23
-0.234,-0.2304
-0.2322,-0.2304
-0.228,-0.2328
-0.2235,-0.2329
-0.212,-0.2284
-0.2037,-0.23
-0.1863,-0.229
-0.1723,-0.2267
-0.1526,-0.2263
-0.1405,-0.2183
-0.1246,-0.216
-0.116,-0.221
-0.116,-0.221
-0.1092,-0.2183
-0.1092,-0.2183
-0.1017,-0.2189
-0.0933,-0.2283
-0.0825,-0.23
-0.0767,-0.22
-0.0575,-0.225
-0.05,-0.2333
0.01,-0.2533
0.0125,-0.24
0.0125,-0.24
0.0146,-0.248
0.0205,-0.2417
0.0261,-0.2457
0.0261,-0.2457
0.053,-0.232
0.0589,-0.2311
0.0727,-0.2264
0.0862,-0.2269
0.0883,-0.2225
0.095,-0.219
0.1027,-0.2309
0.1078,-0.2378
0.1157,-0.2386
0.1229,-0.2371
0.1414,-0.2443
0.1529,-0.2371
0.16,-0.24
0.1725,-0.25
0.195,-0.245
0.195,-0.245
0.195,-0.245
0.2,-0.2367
0.23,-0.2233
0.25,-0.23
0.25,-0.23
0.25,-0.23
0.25,-0.23
0.25,-0.23
0.27,-0.22
0.27,-0.22
0.27,-0.22
-0.4433,-0.1967
-0.442,-0.218
-0.4417,-0.21
-0.4417,-0.21
-0.4255,-0.2227
-0.4186,-0.2229
-0.4156,-0.2169
-0.4053,-0.2159
-0.3924,-0.2059
-0.3844,-0.2044
-0.3844,-0.2044
-0.3735,-0.2065
-0.3688,-0.2035
-0.3533,-0.2047
-0.3385,-0.2023
-0.3292,-0.2069
-0.3227,-0.2109
-0.3136,-0.2127
-0.2975,-0.2173
-0.278,-0.2223
-0.2659,-0.2238
-0.2522,-0.2233
-0.2419,-0.2205
-0.2336,-0.216
-0.2332,-0.2142
-0.2305,-0.2154
-0.2284,-0.2129
-0.2183,-0.2053
-0.2124,-0.2133
-0.2044,-0.2079
-0.1838,-0.2133
-0.1647,-0.2146
-0.1461,-0.2079
-0.1351,-0.2038
-0.1351,-0.2038
-0.1205,-0.2031
-0.1121,-0.2079
-0.11,-0.2107
-0.1082,-0.2079
-0.1065,-0.21
-0.0981,-0.2063
-0.086,-0.21
-0.08,-0.21
-0.0767,-0.22
-0.05,-0.2167
-0.0167,-0.2167
0.01,-0.22
0.0133,-0.23
0.0225,-0.225
0.0225,-0.225
0.03,-0.216
0.0511,-0.2078
0.06,-0.2022
0.0689,-0.1967
0.0785,-0.2023
0.0833,-0.2025
0.0886,-0.2043
0.09,-0.208
0.0967,-0.2058
0.1033,-0.2067
0.1083,-0.2125
0.1188,-0.21
0.13,-0.2138
0.14,-0.216
0.1733,-0.22
0.1733,-0.22
0.1733,-0.22
0.2,-0.2367
0.21,-0.225
0.21,-0.225
0.23,-0.2233
0.23,-0.2233
0.25,-0.23
0.25,-0.23
0.25,-0.23
0.27,-0.22
0.27,-0.22
0.27,-0.22
0.27,-0.22
0.27,-0.22
-0.45,-0.18
-0.4425,-0.19
-0.4425,-0.19
-0.4425,-0.19
-0.434,-0.192
-0.4229,-0.1886
-0.4167,-0.1844
-0.4047,-0.1947
-0.4,-0.1941
-0.3947,-0.1941
-0.3827,-0.1953
-0.3771,-0.1879
-0.3733,-0.1887
-0.3624,-0.19
-0.355,-0.1879
-0.3454,-0.1908
-0.3391,-0.1927
-0.3322,-0.1944
-0.3243,-0.1957
-0.2986,-0.1978
-0.2804,-0.2009
-0.2734,-0.2
-0.2411,-0.2024
-0.2393,-0.2017
-0.2317,-0.2073
-0.2317,-0.2073
-0.2251,-0.2032
-0.2222,-0.2012
-0.2151,-0.1951
-0.2133,-0.1954
-0.2053,-0.1918
-0.1864,-0.1918
-0.1622,-0.1934
-0.1436,-0.1884
-0.1376,-0.1879
-0.1304,-0.1927
-0.1197,-0.1929
-0.1129,-0.1936
-0.1112,-0.1969
-0.1104,-0.1933
-0.1104,-0.1933
-0.1039,-0.1933
-0.093,-0.2
-0.08,-0.1967
-0.08,-0.1967
-0.075,-0.205
-0.025,-0.205
0.01,-0.22
0.01,-0.22
0.0233,-0.2167
0.0325,-0.2075
0.05,-0.1925
0.065,-0.1963
0.065,-0.1963
0.072,-0.195
0.0755,-0.1955
0.0867,-0.1958
0.0867,-0.1958
0.0867,-0.1958
0.095,-0.1942
0.0982,-0.1955
0.101,-0.197
0.115,-0.195
0.1257,-0.1971
0.1425,-0.195
0.1533,-0.1933
0.17,-0.2
0.17,-0.2
0.17,-0.2
0.19,-0.21
0.21,-0.225
0.2267,-0.2033
0.2533,-0.2067
0.2533,-0.2067
0.265,-0.19
0.265,-0.19
0.265,-0.19
0.265,-0.19
0.27,-0.22
0.27,-0.22
-0.45,-0.18
-0.4433,-0.1833
-0.4425,-0.19
-0.4425,-0.19
-0.434,-0.186
-0.42,-0.1838
-0.41,-0.1836
-0.4067,-0.1833
-0.4007,-0.1836
-0.3908,-0.1831
-0.3783,-0.1825
-0.3762,-0.1846
-0.3687,-0.1827
-0.3656,-0.1838
-0.3577,-0.1854
-0.3518,-0.1855
-0.343,-0.19
-0.3322,-0.1944
-0.32,-0.1933
-0.32,-0.188
-0.2867,-0.1914
-0.271,-0.1911
-0.2394,-0.1864
-0.2368,-0.1877
-0.2346,-0.1919
-0.2305,-0.1886
-0.2275,-0.1869
-0.2174,-0.193
-0.2129,-0.1904
-0.2067,-0.1885
-0.2043,-0.1891
-0.1883,-0.1798
-0.1596,-0.1834
-0.1436,-0.1848
-0.1436,-0.1848
-0.1311,-0.1864
-0.123,-0.1883
-0.1158,-0.1883
-0.1158,-0.1883
-0.1123,-0.19
-0.1065,-0.192
-0.0975,-0.1883
-0.0875,-0.1875
-0.08,-0.1967
-0.08,-0.1967
0.02,-0.2
0.02,-0.2
0.02,-0.2
0.04,-0.19
0.05,-0.1925
0.056,-0.192
0.0629,-0.1943
0.0689,-0.1944
0.0778,-0.1944
0.0845,-0.1936
0.088,-0.192
0.09,-0.1945
0.095,-0.1942
0.1,-0.194
0.11,-0.1943
0.116,-0.19
0.12,-0.1875
0.1533,-0.1933
0.1533,-0.1933
0.17,-0.2
0.17,-0.2
0.17,-0.2
0.19,-0.21
0.225,-0.185
0.26,-0.16
0.26,-0.16
0.26,-0.16
0.265,-0.19
0.265,-0.19
0.265,-0.19
0.265,-0.19
0.26,-0.16
0.26,-0.16
-0.45,-0.18
-0.445,-0.175
-0.445,-0.175
-0.445,-0.175
-0.4325,-0.1775
-0.426,-0.176
-0.42,-0.1767
-0.4038,-0.1763
-0.4,-0.179
-0.3875,-0.175
-0.3827,-0.1755
-0.3773,-0.1736
-0.3758,-0.1758
-0.3679,-0.175
-0.36,-0.1755
-0.3567,-0.1722
-0.3383,-0.18
-0.332,-0.18
-0.325,-0.18
-0.3267,-0.1733
-0.2967,-0.1567
-0.276,-0.168
-0.2388,-0.17
-0.2345,-0.1763
-0.2329,-0.1778
-0.2272,-0.1798
-0.2235,-0.1782
-0.222,-0.1764
-0.2154,-0.1743
-0.2059,-0.1807
-0.2032,-0.1808
-0.178,-0.1796
-0.1666,-0.1781
-0.152,-0.1734
-0.1394,-0.1775
-0.1306,-0.1811
-0.12,-0.185
-0.12,-0.185
-0.1175,-0.1813
-0.1108,-0.175
-0.107,-0.174
-0.0933,-0.18
-0.0933,-0.18
-0.09,-0.18
0.02,-0.2
0.02,-0.2
0.04,-0.19
0.05,-0.1867
0.065,-0.18
0.07,-0.1833
0.0783,-0.1883
0.0783,-0.1883
0.0862,-0.1888
0.0889,-0.19
0.0967,-0.1883
0.1075,-0.19
0.12,-0.1875
0.1233,-0.1833
0.135,-0.185
0.135,-0.185
0.15,-0.19
0.15,-0.19
0.26,-0.16
0.26,-0.16
0.26,-0.16
0.26,-0.16
0.26,-0.16
0.26,-0.16
0.26,-0.16
0.26,-0.16
0.26,-0.16
0.26,-0.16
-0.44,-0.17
-0.445,-0.175
-0.445,-0.175
-0.43,-0.17
-0.4133,-0.1667
-0.4133,-0.1667
-0.4025,-0.155
-0.39,-0.1575
-0.3867,-0.165
-0.3843,-0.1671
-0.38,-0.1671
-0.375,-0.16
-0.3383,-0.1533
-0.334,-0.148
-0.334,-0.148
-0.32,-0.1467
-0.32,-0.1467
-0.3025,-0.1425
-0.3025,-0.1425
-0.25,-0.13
-0.25,-0.13
-0.25,-0.13
-0.238,-0.16
-0.236,-0.165
-0.2256,-0.1696
-0.217,-0.1667
-0.2148,-0.1645
-0.1997,-0.1657
-0.1875,-0.1635
-0.17,-0.159
-0.17,-0.159
-0.145,-0.1367
-0.1363,-0.1425
-0.1238,-0.1475
-0.123,-0.154
-0.1158,-0.145
-0.1092,-0.145
-0.107,-0.138
-0.1,-0.135
-0.0933,-0.1467
-0.08,-0.1
-0.08,-0.1
-0.08,-0.1
0.06,-0.18
0.065,-0.18
0.065,-0.18
0.065,-0.18
0.085,-0.18
0.1,-0.18
0.11,-0.18
0.12,-0.18
0.12,-0.18
0.26,-0.16
0.26,-0.16
0.26,-0.16
0.26,-0.16
0.26,-0.16
0.26,-0.16
0.26,-0.16
0.26,-0.16
-0.37,-0.12
-0.385,-0.14
-0.385,-0.14
-0.385,-0.14
-0.37,-0.12
-0.37,-0.12
-0.345,-0.11
-0.345,-0.11
-0.345,-0.11
-0.345,-0.11
-0.32,-0.1
-0.32,-0.1
-0.32,-0.1
-0.285,-0.115
-0.285,-0.115
-0.25,-0.13
-0.25,-0.13
-0.25,-0.13
-0.25,-0.13
-0.25,-0.13
-0.25,-0.13
-0.25,-0.13
-0.18,-0.16
-0.18,-0.16
-0.145,-0.1367
-0.1275,-0.125
-0.1275,-0.125
-0.1275,-0.125
-0.1117,-0.1167
-0.1112,-0.1275
-0.1112,-0.1275
-0.1033,-0.12
-0.1,-0.1
-0.1,-0.1
-0.08,-0.1
-0.08,-0.1
-0.08,-0.1
-0.08,-0.1
0.26,-0.16
0.26,-0.16
0.26,-0.16
-0.37,-0.12
-0.37,-0.12
-0.37,-0.12
-0.37,-0.12
-0.345,-0.11
-0.345,-0.11
-0.345,-0.11
-0.345,-0.11
-0.315,-0.075
-0.315,-0.075
-0.315,-0.075
-0.315,-0.075
-0.3,-0.0667
-0.28,-0.0933
-0.26,-0.09
-0.26,-0.09
-0.26,-0.09
-0.2325,-0.09
-0.2325,-0.09
-0.215,-0.05
-0.215,-0.05
-0.215,-0.05
-0.12,-0.1
-0.12,-0.1
-0.12,-0.1
-0.12,-0.1
-0.1,-0.1
-0.1,-0.1
-0.1,-0.1
-0.1,-0.1
-0.1,-0.1
-0.1,-0.1
-0.08,-0.1
-0.08,-0.1
-0.08,-0.1
-0.08,-0.1
0.22,-0.05
0.22,-0.05
0.22,-0.05
0.22,-0.05
0.22,-0.05
-0.37,-0.12
-0.37,-0.12
-0.345,-0.11
-0.315,-0.075
-0.315,-0.075
-0.315,-0.075
-0.315,-0.075
-0.3,-0.0667
-0.3,-0.0667
-0.3,-0.0667
-0.29,-0.05
-0.29,-0.05
-0.2425,-0.05
-0.2425,-0.05
-0.2425,-0.05
-0.2425,-0.05
-0.215,-0.05
-0.215,-0.05
-0.215,-0.05
-0.215,-0.05
-0.215,-0.05
-0.12,-0.1
-0.12,-0.1
-0.12,-0.1
-0.12,-0.1
-0.1,-0.1
-0.1,-0.1
-0.1,-0.1
-0.1,-0.1
-0.08,-0.1
-0.08,-0.1
-0.08,-0.1
-0.08,-0.1
-0.01,-0.03
-0.01,-0.03
-0.01,-0.03
-0.01,-0.03
-0.01,-0.03
-0.01,-0.03
0.22,-0.05
0.22,-0.05
0.22,-0.05
0.22,-0.05
0.22,-0.05
0.22,-0.05
0.22,-0.05
0.22,-0.05
0.22,-0.05
-0.31,-0.05
-0.31,-0.05
-0.31,-0.05
-0.315,-0.075
-0.3,-0.0667
-0.29,-0.05
-0.29,-0.05
-0.29,-0.05
-0.29,-0.05
-0.29,-0.05
-0.2425,-0.05
-0.2425,-0.05
-0.2425,-0.05
-0.2425,-0.05
-0.215,-0.05
-0.215,-0.05
-0.215,-0.05
-0.215,-0.05
-0.215,-0.05
-0.215,-0.05
-0.12,-0.1
-0.1,-0.06
-0.08,-0.02
-0.075,-0.015
-0.0767,-0.0433
-0.0767,-0.0433
-0.075,-0.015
-0.075,-0.015
-0.0533,-0.02
-0.01,-0.03
-0.01,-0.03
-0.01,-0.03
-0.01,-0.03
-0.01,-0.03
-0.01,-0.03
-0.01,-0.03
-0.01,-0.03
0.22,-0.05
0.22,-0.05
0.22,-0.05
0.22,-0.05
0.22,-0.05
0.22,-0.05
0.22,-0.05
0.22,-0.05
0.22,-0.05
0.22,-0.05
-0.345,0.005
-0.345,0.005
-0.345,0.005
-0.3333,-0.0133
-0.3333,-0.0133
-0.3333,-0.0133
-0.325,-0.025
-0.3067,-0.0333
-0.29,-0.05
-0.29,-0.05
-0.29,-0.05
-0.29,-0.05
-0.2425,-0.05
-0.2425,-0.05
-0.2317,-0.03
-0.2208,-0.0225
-0.2043,-0.0133
-0.2043,-0.0133
-0.2043,-0.0133
-0.2043,-0.0133
-0.2015,-0.025
-0.159,0.0
-0.159,0.0
-0.13,0.0
-0.13,0.0
-0.1,-0.0067
-0.1,-0.0067
-0.0925,-0.0075
-0.0925,-0.0075
-0.08,-0.01
-0.0725,-0.005
-0.0725,-0.005
-0.06,-0.01
-0.0525,-0.0125
-0.0525,-0.0125
-0.0433,-0.01
-0.01,-0.03
-0.01,-0.03
-0.01,-0.03
-0.01,-0.03
0.025,-0.015
0.025,-0.015
0.06,0.0
0.06,0.0
0.06,0.0
0.06,0.0
0.06,0.0
0.06,0.0
0.14,0.0
0.14,0.0
0.14,0.0
0.14,0.0
0.14,0.0
0.14,0.0
0.14,0.0
0.18,-0.025
0.22,-0.05
0.22,-0.05
0.22,-0.05
0.22,-0.05
0.22,-0.05
0.22,-0.05
0.22,-0.05
0.22,-0.05
0.3,0.01
0.3,0.01
0.3,0.01
0.3,0.01
0.3,0.01
0.3,0.01
-0.345,0.005
-0.345,0.005
-0.345,0.005
-0.345,0.005
-0.345,0.005
-0.3333,-0.0133
-0.3333,-0.0133
-0.3333,-0.0133
-0.3333,-0.0133
-0.3067,-0.0333
-0.29,-0.05
-0.27,-0.05
-0.27,-0.05
-0.27,-0.05
-0.23,-0.0067
-0.2117,-0.0067
-0.2022,0.005
-0.2022,0.005
-0.2022,0.005
-0.2022,0.005
-0.2022,0.005
-0.188,0.0133
-0.1795,0.0075
-0.1693,0.0067
-0.159,0.0
-0.11,0.0
-0.1,-0.0067
-0.0925,-0.0075
-0.0925,-0.0075
-0.086,-0.002
-0.08,0.0
-0.07,0.0
-0.07,0.0
-0.06,-0.005
-0.06,-0.005
-0.054,-0.006
-0.0475,-0.0025
-0.0133,0.0
-0.0133,0.0
0.005,-0.005
0.0233,-0.0033
0.0233,-0.0033
0.0233,-0.0033
0.04,0.01
0.04,0.01
0.06,0.0
0.06,0.0
0.06,0.0
0.1,0.0
0.1,0.0
0.14,0.0
0.14,0.0
0.14,0.0
0.14,0.0
0.14,0.0
0.14,0.0
0.14,0.0
0.14,0.0
0.22,-0.05
0.22,-0.05
0.22,-0.05
0.235,-0.01
0.235,-0.01
0.235,-0.01
0.275,0.02
0.275,0.02
0.275,0.02
0.3,0.01
0.3,0.01
0.3,0.01
0.3,0.01
0.3,0.01
0.3,0.01
-0.44,0.06
-0.4,0.05
-0.41,0.055
-0.4,0.05
-0.3833,0.04
-0.3633,0.02
-0.3633,0.02
-0.345,0.005
-0.35,0.0233
-0.3367,0.02
-0.3367,0.02
-0.3367,0.02
-0.3367,0.02
-0.3367,0.02
-0.32,0.0367
-0.21,0.015
-0.21,0.0233
-0.2033,0.0267
-0.2009,0.0278
-0.2028,0.031
-0.2009,0.0278
-0.2009,0.0278
-0.2009,0.0278
-0.1938,0.025
-0.1904,0.02
-0.1806,0.018
-0.1693,0.0067
-0.11,0.0
-0.11,0.0
-0.1,-0.0067
-0.086,-0.002
-0.08,0.0
-0.08,0.0
-0.0667,0.0083
-0.0667,0.0083
-0.0606,0.0188
-0.0607,0.0129
-0.0442,0.0133
-0.035,0.0143
-0.025,0.012
-0.0162,0.01
-0.005,0.01
0.0112,0.0075
0.04,0.01
0.04,0.01
0.04,0.01
0.04,0.01
0.04,0.01
0.06,0.0
0.06,0.0
0.1,0.0
0.1,0.0
0.14,0.0
0.14,0.0
0.14,0.0
0.14,0.0
0.16,0.025
0.16,0.025
0.16,0.025
0.16,0.025
0.18,0.05
0.215,0.04
0.25,0.03
0.25,0.03
0.25,0.03
0.25,0.03
0.275,0.02
0.275,0.02
0.275,0.02
0.275,0.02
0.3,0.01
0.3,0.01
0.3,0.01
0.3,0.01
0.3,0.01
0.3,0.01
-0.44,0.06
-0.44,0.06
-0.43,0.06
-0.43,0.06
-0.415,0.0575
-0.415,0.0575
-0.415,0.0575
-0.415,0.0575
-0.395,0.0575
-0.386,0.048
-0.37,0.036
-0.37,0.036
-0.354,0.034
-0.3425,0.03
-0.334,0.036
-0.334,0.036
-0.3275,0.03
-0.3275,0.03
-0.31,0.055
-0.31,0.055
-0.2873,0.0567
-0.271,0.06
-0.2205,0.045
-0.2121,0.0387
-0.2102,0.0433
-0.2093,0.0429
-0.2077,0.04
-0.2067,0.0367
-0.2035,0.0345
-0.2015,0.0383
-0.1988,0.033
-0.1938,0.025
-0.1838,0.0217
-0.1717,0.02
-0.13,0.0
-0.11,0.0
-0.1033,0.0233
-0.094,0.034
-0.0822,0.0389
-0.0689,0.0389
-0.0663,0.0337
-0.0617,0.0344
-0.0581,0.03
-0.0536,0.0343
-0.0508,0.0417
-0.0375,0.0333
-0.033,0.028
-0.0263,0.03
-0.0025,0.03
-0.0025,0.03
0.04,0.01
0.04,0.01
0.04,0.01
0.04,0.01
0.04,0.01
0.06,0.0
0.06,0.0
0.08,0.04
0.1167,0.0533
0.125,0.04
0.14,0.0
0.16,0.04
0.16,0.04
0.165,0.0475
0.165,0.0475
0.165,0.0475
0.1733,0.0633
0.18,0.06
0.2033,0.05
0.215,0.04
0.25,0.03
0.25,0.03
0.25,0.03
0.275,0.02
0.275,0.02
0.275,0.02
0.275,0.02
0.275,0.02
0.3,0.01
0.3,0.01
0.3,0.01
0.3,0.01
-0.44,0.06
-0.44,0.06
-0.43,0.06
-0.42,0.0567
-0.414,0.064
-0.414,0.064
-0.414,0.064
-0.3988,0.07
-0.3988,0.07
-0.3929,0.0714
-0.3929,0.0714
-0.3688,0.0637
-0.3688,0.0637
-0.3325,0.045
-0.3325,0.045
-0.3325,0.045
-0.3267,0.0567
-0.3067,0.07
-0.3067,0.07
-0.2873,0.0567
-0.2873,0.0567
-0.2464,0.07
-0.2374,0.0671
-0.2187,0.059
-0.2148,0.0515
-0.2135,0.0527
-0.2114,0.0544
-0.2087,0.0486
-0.2087,0.0486
-0.2042,0.045
-0.202,0.045
-0.1988,0.0463
-0.195,0.0433
-0.1875,0.06
-0.1,0.08
-0.095,0.08
-0.095,0.08
-0.0833,0.075
-0.0763,0.065
-0.0763,0.065
-0.0733,0.0589
-0.062,0.057
-0.0578,0.0544
-0.0522,0.0567
-0.0475,0.055
-0.0486,0.0486
-0.035,0.055
-0.0225,0.05
-0.0025,0.03
-0.0025,0.03
0.02,0.02
0.02,0.02
0.02,0.02
0.02,0.02
0.1,0.08
0.105,0.08
0.105,0.08
0.105,0.08
0.105,0.08
0.1233,0.0767
0.1233,0.0767
0.146,0.07
0.1575,0.0675
0.1733,0.0633
0.1733,0.0633
0.176,0.078
0.1817,0.08
0.1825,0.07
0.205,0.06
0.208,0.068
0.215,0.0675
0.23,0.06
0.25,0.03
0.265,0.06
0.265,0.06
0.2775,0.0575
0.2775,0.0575
0.29,0.05
0.29,0.05
0.3,0.01
0.3,0.01
-0.44,0.06
-0.44,0.06
-0.43,0.06
-0.4233,0.07
-0.414,0.064
-0.414,0.064
-0.4043,0.0714
-0.4038,0.0775
-0.395,0.078
-0.39,0.08
-0.3888,0.075
-0.3843,0.0771
-0.3688,0.0775
-0.3462,0.085
-0.3411,0.0867
-0.3267,0.08
-0.32,0.076
-0.31,0.08
-0.31,0.08
-0.2905,0.0675
-0.272,0.0733
-0.2503,0.0757
-0.2353,0.075
-0.2219,0.07
-0.2197,0.067
-0.2137,0.0671
-0.2137,0.0671
-0.2132,0.0631
-0.2132,0.0631
-0.2027,0.0692
-0.1986,0.0655
-0.1917,0.065
-0.1783,0.0767
-0.1467,0.09
-0.12,0.085
-0.095,0.08
-0.095,0.08
-0.0833,0.075
-0.0833,0.075
-0.0786,0.0714
-0.0694,0.0767
-0.0694,0.0767
-0.0618,0.0764
-0.0533,0.0744
-0.0429,0.0743
-0.0429,0.0743
-0.0429,0.0743
-0.036,0.078
-0.03,0.065
0.1,0.08
0.105,0.08
0.105,0.08
0.105,0.08
0.105,0.08
0.105,0.08
0.1233,0.0767
0.1233,0.0767
0.146,0.07
0.1557,0.0786
0.1643,0.0843
0.1786,0.0857
0.1817,0.08
0.1871,0.0829
0.1871,0.0829
0.1871,0.0829
0.1917,0.085
0.215,0.0725
0.24,0.0775
0.2483,0.0883
0.256,0.088
0.27,0.0733
0.2725,0.085
0.28,0.1033
0.28,0.095
0.28,0.095
0.28,0.095
-0.44,0.06
-0.425,0.075
-0.4233,0.07
-0.4175,0.0825
-0.4043,0.0814
-0.4038,0.0775
-0.3989,0.08
-0.3938,0.0825
-0.386,0.084
-0.3822,0.0867
-0.38,0.0912
-0.3583,0.095
-0.35,0.0957
-0.3411,0.0867
-0.33,0.0857
-0.325,0.09
-0.31,0.08
-0.31,0.08
-0.29,0.09
-0.272,0.0833
-0.2503,0.0814
-0.2365,0.0862
-0.2253,0.0825
-0.2253,0.0825
-0.2187,0.079
-0.2156,0.0827
-0.2156,0.0827
-0.2082,0.0873
-0.205,0.087
-0.1958,0.0933
-0.1838,0.095
-0.175,0.1033
-0.145,0.096
-0.126,0.088
-0.108,0.086
-0.108,0.086
-0.095,0.08
-0.0833,0.075
-0.0771,0.0786
-0.0659,0.0855
-0.065,0.09
-0.0645,0.0855
-0.0567,0.0856
-0.0458,0.08
-0.0458,0.08
-0.0413,0.0925
-0.035,0.1
-0.0238,0.11
-0.01,0.125
0.1,0.08
0.105,0.08
0.105,0.08
0.105,0.08
0.105,0.08
0.105,0.08
0.126,0.1
0.1317,0.1033
0.1512,0.0938
0.1512,0.0938
0.1613,0.09
0.1737,0.0913
0.1837,0.0875
0.1837,0.0875
0.1837,0.0875
0.1917,0.085
0.2033,0.0967
0.208,0.102
0.248,0.1
0.2533,0.1033
0.2571,0.1071
0.265,0.11
0.274,0.112
0.274,0.112
0.28,0.11
0.28,0.11
0.28,0.1033
0.28,0.095
-0.41,0.09
-0.405,0.105
-0.4033,0.12
-0.3967,0.1167
-0.3967,0.1167
-0.3867,0.12
-0.3837,0.115
-0.3837,0.115
-0.3733,0.1144
-0.3625,0.1187
-0.3571,0.1186
-0.3462,0.1162
-0.33,0.125
-0.33,0.125
-0.314,0.128
-0.3,0.12
-0.3,0.12
-0.285,0.1125
-0.2483,0.1067
-0.2443,0.1029
-0.235,0.1033
-0.226,0.094
-0.2181,0.1025
-0.2139,0.1
-0.2078,0.1064
-0.2066,0.101
-0.1995,0.105
-0.193,0.106
-0.175,0.1033
-0.175,0.1033
-0.175,0.1033
-0.1363,0.1
-0.11,0.102
-0.1067,0.0967
-0.0917,0.1017
-0.0864,0.1071
-0.0783,0.1022
-0.07,0.1018
-0.0645,0.1018
-0.0578,0.1078
-0.0463,0.12
-0.0463,0.12
-0.0329,0.1271
-0.0317,0.1217
-0.0238,0.11
-0.0238,0.11
-0.01,0.125
0.01,0.14
0.01,0.14
0.01,0.14
0.1,0.08
0.105,0.08
0.1075,0.115
0.114,0.118
0.115,0.125
0.125,0.1183
0.125,0.1183
0.1437,0.1025
0.15,0.1057
0.16,0.1043
0.1737,0.105
0.1789,0.1044
0.1888,0.1125
0.19,0.1057
0.2038,0.1175
0.2117,0.11
0.2117,0.11
0.2537,0.1125
0.2537,0.1125
0.26,0.1157
0.265,0.11
0.2767,0.12
0.2767,0.12
0.2767,0.12
0.28,0.11
0.29,0.12
0.2967,0.1267
0.33,0.16
-0.41,0.16
-0.405,0.15
-0.4033,0.1417
-0.4033,0.1417
-0.4033,0.1417
-0.3933,0.1322
-0.3833,0.1308
-0.3809,0.1345
-0.3736,0.1336
-0.3617,0.1317
-0.3475,0.1412
-0.3414,0.1386
-0.3363,0.1337
-0.3262,0.14
-0.3167,0.1333
-0.31,0.136
-0.305,0.13
-0.3,0.12
-0.2667,0.1233
-0.236,0.124
-0.236,0.124
-0.2229,0.1433
-0.2111,0.143
-0.2111,0.143
-0.2079,0.1489
-0.2031,0.145
-0.2031,0.145
-0.1989,0.1488
-0.182,0.13
-0.1725,0.115
-0.1483,0.1267
-0.13,0.13
-0.115,0.15
-0.105,0.1383
-0.094,0.144
-0.0864,0.1486
-0.0806,0.1488
-0.0725,0.145
-0.0569,0.1412
-0.0512,0.13
-0.0443,0.1271
-0.0375,0.1287
-0.0375,0.1287
-0.0329,0.1271
-0.028,0.132
-0.02,0.1333
0.01,0.14
0.01,0.14
0.01,0.14
0.01,0.14
0.01,0.14
0.1,0.16
0.11,0.15
0.1133,0.1533
0.12,0.1475
0.12,0.1475
0.128,0.142
0.128,0.142
0.128,0.142
0.1543,0.13
0.1543,0.13
0.1657,0.13
0.1733,0.1283
0.1889,0.1233
0.195,0.1225
0.2011,0.1222
0.2063,0.1225
0.222,0.124
0.2433,0.13
0.2567,0.12
0.2644,0.1278
0.27,0.1313
0.2757,0.1286
0.2767,0.12
0.2843,0.1257
0.292,0.134
0.295,0.1425
0.295,0.1425
0.34,0.17
0.34,0.17
0.34,0.17
0.33,0.16
-0.4067,0.16
-0.4025,0.16
-0.402,0.152
-0.402,0.152
-0.395,0.1533
-0.3886,0.1543
-0.3886,0.1543
-0.3778,0.1511
-0.372,0.152
-0.3571,0.1529
-0.35,0.1533
-0.3383,0.145
-0.33,0.1457
-0.33,0.1457
-0.32,0.148
-0.3125,0.145
-0.31,0.1567
-0.3,0.155
-0.25,0.155
-0.25,0.155
-0.2209,0.1571
-0.2182,0.1587
-0.2094,0.16
-0.2064,0.155
-0.2064,0.155
-0.204,0.16
-0.204,0.16
-0.1973,0.1589
-0.1959,0.1529
-0.1865,0.14
-0.115,0.15
-0.115,0.15
-0.1,0.1633
-0.09,0.162
-0.09,0.162
-0.0842,0.1583
-0.0731,0.1575
-0.0731,0.1575
-0.0731,0.1575
-0.0731,0.1575
-0.0525,0.1467
-0.0375,0.14
-0.0375,0.14
-0.031,0.14
-0.025,0.14
-0.0233,0.15
0.01,0.14
0.01,0.14
0.01,0.14
0.01,0.14
0.055,0.15
0.1,0.16
0.1133,0.1533
0.1133,0.1533
0.12,0.1475
0.12,0.1475
0.12,0.1475
0.128,0.142
0.1367,0.145
0.1367,0.145
0.1533,0.145
0.1533,0.145
0.17,0.1425
0.1925,0.1475
0.1925,0.1475
0.2033,0.1567
0.215,0.1475
0.215,0.1475
0.246,0.148
0.2571,0.1457
0.2667,0.1433
0.2667,0.1433
0.2667,0.1433
0.29,0.15
0.29,0.15
0.3,0.155
0.3125,0.1575
0.3233,0.1667
0.3233,0.1667
0.34,0.17
0.34,0.17
0.34,0.17
0.34,0.17
0.35,0.18
0.49,0.19
0.49,0.19
0.49,0.19
0.49,0.19
0.49,0.19
-0.41,0.17
-0.41,0.165
-0.4067,0.16
-0.4025,0.16
-0.4025,0.16
-0.4025,0.16
-0.394,0.16
-0.3867,0.16
-0.3867,0.16
-0.3786,0.16
-0.3583,0.1583
-0.35,0.16
-0.34,0.16
-0.34,0.16
-0.328,0.158
-0.32,0.1575
-0.31,0.1567
-0.31,0.1567
-0.3,0.155
-0.25,0.155
-0.23,0.1625
-0.218,0.1643
-0.218,0.1643
-0.2044,0.1714
-0.2044,0.1714
-0.2044,0.1714
-0.2044,0.1714
-0.2044,0.1714
-0.2044,0.1714
-0.2018,0.1733
-0.1978,0.175
-0.1283,0.18
-0.1,0.1633
-0.095,0.1675
-0.095,0.1675
-0.09,0.162
-0.09,0.162
-0.0779,0.1586
-0.0731,0.1575
-0.0731,0.1575
-0.0693,0.1586
-0.0508,0.1633
-0.045,0.17
-0.0258,0.1683
-0.02,0.174
-0.02,0.174
-0.015,0.18
0.0,0.175
0.01,0.14
0.01,0.14
0.01,0.14
0.1,0.16
0.1,0.16
0.11,0.16
0.1133,0.1533
0.1133,0.1533
0.1133,0.1533
0.12,0.1475
0.12,0.1475
0.132,0.15
0.132,0.15
0.152,0.15
0.1667,0.16
0.19,0.16
0.2033,0.1567
0.2033,0.1567
0.2033,0.1567
0.2033,0.1567
0.22,0.1625
0.2333,0.1633
0.2475,0.1625
0.2675,0.155
0.2675,0.155
0.28,0.1567
0.2925,0.1575
0.2925,0.1575
0.31,0.17
0.31,0.17
0.3233,0.1667
0.34,0.17
0.34,0.17
0.34,0.17
0.34,0.17
0.35,0.18
0.35,0.18
0.35,0.18
0.49,0.19
0.49,0.19
0.49,0.19
0.49,0.19
0.49,0.19
0.49,0.19
-0.41,0.17
-0.41,0.165
-0.41,0.165
-0.4025,0.16
-0.4025,0.16
-0.4025,0.16
-0.394,0.16
-0.3867,0.16
-0.3775,0.1625
-0.3575,0.16
-0.34,0.16
-0.34,0.16
-0.34,0.16
-0.3333,0.16
-0.325,0.16
-0.31,0.1567
-0.3,0.155
-0.28,0.15
-0.28,0.15
-0.28,0.15
-0.2113,0.1675
-0.2077,0.1667
-0.2044,0.1714
-0.2044,0.1714
-0.2044,0.1714
-0.2044,0.1714
-0.2044,0.1714
-0.2018,0.1733
-0.2018,0.1733
-0.1925,0.185
-0.185,0.2
-0.1283,0.18
-0.0933,0.1733
-0.095,0.1675
-0.095,0.1675
-0.095,0.1675
-0.095,0.1675
-0.08,0.17
-0.068,0.178
-0.038,0.182
-0.038,0.182
-0.038,0.182
-0.0275,0.1825
-0.0233,0.1933
-0.0233,0.1933
-0.015,0.21
-0.015,0.21
-0.015,0.21
-0.01,0.21
0.1,0.16
0.1,0.16
0.11,0.16
0.11,0.16
0.11,0.16
0.11,0.16
0.11,0.16
0.11,0.16
0.1533,0.1867
0.1533,0.1867
0.18,0.1867
0.18,0.1867
0.19,0.16
0.19,0.16
0.2033,0.1567
0.215,0.155
0.2333,0.1633
0.25,0.165
0.25,0.165
0.28,0.17
0.28,0.17
0.28,0.17
0.28,0.17
0.2967,0.1667
0.31,0.17
0.3233,0.1667
0.34,0.17
0.34,0.17
0.34,0.17
0.34,0.17
0.35,0.18
0.35,0.18
0.35,0.18
0.49,0.19
0.49,0.19
0.49,0.19
0.49,0.19
0.49,0.19
0.49,0.19
-0.41,0.17
-0.41,0.17
-0.41,0.17
-0.41,0.17
-0.41,0.17
-0.2025,0.1775
-0.2,0.1883
-0.2,0.1883
-0.2,0.1883
-0.1964,0.1986
-0.1833,0.2367
-0.1833,0.2367
-0.1833,0.2367
-0.185,0.2
-0.0933,0.1733
-0.0933,0.1733
-0.0933,0.1733
-0.0933,0.1733
-0.08,0.18
-0.05,0.195
-0.0367,0.2
-0.0367,0.2
-0.015,0.21
-0.015,0.21
-0.015,0.21
-0.015,0.21
-0.015,0.21
-0.015,0.21
-0.015,0.21
-0.01,0.21
0.16,0.24
0.16,0.24
0.16,0.24
0.16,0.24
0.16,0.24
0.16,0.24
0.16,0.24
0.16,0.24
0.27,0.18
0.275,0.215
0.275,0.215
0.275,0.215
0.275,0.215
0.275,0.215
0.275,0.215
0.28,0.25
0.35,0.18
0.35,0.18
0.35,0.18
0.35,0.18
0.35,0.18
0.35,0.18
0.35,0.18
0.49,0.19
0.49,0.19
0.49,0.19
0.49,0.19
0.49,0.19
0.49,0.19
-0.37,0.27
-0.37,0.27
-0.37,0.27
-0.37,0.27
-0.37,0.27
-0.37,0.27
-0.37,0.27
-0.3,0.28
-0.3,0.28
-0.3,0.28
-0.3,0.28
-0.242,0.27
-0.242,0.27
-0.242,0.27
-0.2173,0.2667
-0.2173,0.2667
-0.2024,0.252
-0.1987,0.255
-0.1825,0.245
-0.1825,0.245
-0.1825,0.245
-0.1825,0.245
-0.1825,0.245
-0.1817,0.26
-0.1475,0.27
-0.12,0.28
-0.12,0.28
-0.12,0.28
-0.02,0.21
-0.0167,0.23
-0.0167,0.23
-0.0167,0.23
-0.0167,0.23
-0.0167,0.23
-0.0025,0.24
-0.0025,0.24
0.015,0.24
0.04,0.27
0.04,0.27
0.04,0.27
0.04,0.27
0.16,0.24
0.16,0.24
0.16,0.24
0.16,0.24
0.16,0.24
0.16,0.24
0.16,0.24
0.16,0.24
0.16,0.24
0.16,0.24
0.28,0.25
0.28,0.25
0.28,0.25
0.28,0.25
0.28,0.25
0.28,0.25
0.28,0.25
0.28,0.25
0.28,0.25
0.38,0.28
0.38,0.28
0.38,0.28
0.38,0.28
0.49,0.19
0.49,0.19
0.49,0.19
0.49,0.19
-0.37,0.27
-0.375,0.285
-0.375,0.285
-0.375,0.285
-0.375,0.285
-0.375,0.285
-0.37,0.27
-0.3175,0.2775
-0.3175,0.2775
-0.3,0.285
-0.298,0.288
-0.295,0.29
-0.2874,0.2871
-0.2853,0.285
-0.2844,0.282
-0.2724,0.278
-0.231,0.275
-0.2173,0.2667
-0.208,0.2675
-0.2014,0.266
-0.197,0.27
-0.19,0.2789
-0.1835,0.28
-0.1835,0.28
-0.1783,0.28
-0.1697,0.2771
-0.1685,0.2733
-0.1615,0.275
-0.1475,0.27
-0.12,0.28
-0.12,0.28
-0.1,0.29
-0.1,0.29
-0.08,0.3
-0.05,0.285
-0.02,0.27
-0.02,0.27
-0.02,0.24
-0.0167,0.23
-0.0167,0.23
-0.0025,0.24
0.0033,0.25
0.01,0.27
0.01,0.27
0.04,0.27
0.04,0.27
0.04,0.27
0.04,0.27
0.04,0.27
0.04,0.27
0.16,0.24
0.16,0.24
0.16,0.24
0.16,0.24
0.16,0.24
0.16,0.24
0.16,0.24
0.16,0.24
0.16,0.24
0.16,0.24
0.28,0.25
0.28,0.25
0.28,0.25
0.28,0.25
0.28,0.25
0.28,0.25
0.28,0.25
0.28,0.25
0.315,0.27
0.315,0.27
0.365,0.285
0.3667,0.29
0.3667,0.29
0.375,0.29
0.375,0.29
0.3833,0.29
0.39,0.285
0.39,0.285
0.39,0.285
0.4,0.29
-0.375,0.285
-0.375,0.285
-0.375,0.285
-0.375,0.285
-0.3667,0.2933
-0.3667,0.2933
-0.3667,0.2933
-0.3314,0.29
-0.326,0.297
-0.317,0.297
-0.308,0.3
-0.301,0.3
-0.301,0.3
-0.2902,0.2922
-0.2865,0.29
-0.2791,0.2889
-0.2791,0.2889
-0.2624,0.292
-0.2473,0.2833
-0.208,0.2675
-0.19,0.2789
-0.1885,0.282
-0.1877,0.2855
-0.1823,0.287
-0.1823,0.287
-0.1723,0.287
-0.1714,0.2833
-0.1691,0.2875
-0.1663,0.2817
-0.1455,0.285
-0.1,0.29
-0.1,0.29
-0.1,0.29
-0.1,0.29
-0.1,0.29
-0.05,0.285
-0.05,0.285
-0.05,0.285
-0.02,0.27
-0.02,0.27
-0.02,0.27
0.01,0.27
0.01,0.27
0.01,0.27
0.01,0.27
0.04,0.27
0.04,0.27
0.04,0.27
0.04,0.27
0.04,0.27
0.04,0.27
0.16,0.24
0.16,0.24
0.16,0.24
0.16,0.24
0.16,0.24
0.16,0.24
0.16,0.24
0.28,0.25
0.28,0.25
0.28,0.25
0.28,0.25
0.28,0.25
0.28,0.25
0.28,0.25
0.315,0.27
0.315,0.27
0.36,0.295
0.3667,0.29
0.3667,0.29
0.375,0.29
0.375,0.29
0.375,0.29
0.375,0.29
0.3833,0.29
0.3833,0.29
0.39,0.285
0.39,0.285
0.4,0.29
-0.38,0.3
-0.38,0.3
-0.375,0.285
-0.375,0.285
-0.3667,0.2933
-0.3667,0.2933
-0.3667,0.2933
-0.3433,0.305
-0.3371,0.3043
-0.3227,0.2973
-0.3136,0.2973
-0.3055,0.3009
-0.3042,0.3042
-0.3,0.3036
-0.3,0.3036
-0.2952,0.3008
-0.2869,0.2956
-0.2791,0.2889
-0.2624,0.292
-0.2555,0.29
-0.2084,0.302
-0.1922,0.3071
-0.191,0.3006
-0.1876,0.3027
-0.1876,0.3027
-0.1866,0.3
-0.1769,0.3008
-0.1723,0.295
-0.1703,0.2911
-0.1683,0.2986
-0.1365,0.29
-0.1,0.29
-0.1,0.29
-0.0867,0.3033
-0.0867,0.3033
-0.0867,0.3033
-0.07,0.315
-0.0533,0.3
-0.0533,0.3
-0.0412,0.3075
-0.0283,0.31
-0.0125,0.3
-0.0125,0.3
0.005,0.29
0.005,0.29
0.0175,0.3
0.04,0.27
0.04,0.27
0.04,0.27
0.04,0.27
0.04,0.27
0.16,0.33
0.16,0.33
0.16,0.33
0.16,0.33
0.16,0.33
0.16,0.33
0.16,0.33
0.28,0.25
0.28,0.25
0.28,0.25
0.28,0.25
0.35,0.29
0.35,0.31
0.3567,0.3067
0.3625,0.3
0.3625,0.3
0.37,0.298
0.37,0.298
0.37,0.298
0.375,0.29
0.375,0.29
0.3833,0.29
0.3833,0.29
0.4,0.29
0.4,0.29
0.4,0.29
-0.5,0.35
-0.5,0.35
-0.5,0.35
-0.5,0.35
-0.42,0.35
-0.415,0.35
-0.415,0.35
-0.4033,0.3333
-0.4033,0.3333
-0.39,0.3275
-0.39,0.3275
-0.3775,0.3075
-0.3433,0.305
-0.3433,0.305
-0.338,0.312
-0.3317,0.31
-0.305,0.3143
-0.3033,0.3133
-0.3033,0.3133
-0.3,0.3136
-0.3,0.3136
-0.2973,0.3167
-0.2917,0.3167
-0.2774,0.3114
-0.2513,0.3133
-0.2273,0.319
-0.2041,0.3175
-0.1907,0.3155
-0.1891,0.3133
-0.1884,0.31
-0.1884,0.31
-0.1858,0.3125
-0.1858,0.3125
-0.1848,0.314
-0.171,0.3025
-0.1683,0.2986
-0.125,0.2967
-0.1,0.29
-0.0867,0.3033
-0.08,0.315
-0.08,0.315
-0.0667,0.3267
-0.0667,0.3267
-0.0667,0.3267
-0.0512,0.3275
-0.045,0.316
-0.031,0.328
-0.0237,0.3225
-0.0117,0.32
-0.0075,0.345
-0.005,0.33
0.0175,0.3
0.0175,0.3
0.04,0.27
0.04,0.27
0.16,0.33
0.16,0.33
0.16,0.33
0.16,0.33
0.16,0.33
0.16,0.33
0.16,0.33
0.185,0.345
0.185,0.345
0.185,0.345
0.21,0.36
0.21,0.36
0.35,0.31
0.35,0.31
0.3567,0.3067
0.3567,0.3067
0.3625,0.3
0.37,0.298
0.37,0.298
0.37,0.298
0.37,0.298
0.3833,0.29
0.3833,0.29
0.4,0.29
0.4,0.29
0.4,0.29
-0.5,0.35
-0.5,0.35
-0.5,0.35
-0.5,0.35
-0.46,0.35
-0.415,0.35
-0.415,0.35
-0.415,0.35
-0.415,0.35
-0.4033,0.3333
-0.4033,0.3333
-0.39,0.3275
-0.39,0.3275
-0.38,0.32
-0.338,0.312
-0.338,0.312
-0.3125,0.3312
-0.3111,0.3278
-0.3064,0.3236
-0.3042,0.3217
-0.2954,0.33
-0.2936,0.3336
-0.2936,0.3336
-0.2864,0.3382
-0.285,0.342
-0.2423,0.3367
-0.2074,0.3429
-0.2074,0.3429
-0.2008,0.3367
-0.1904,0.327
-0.1904,0.327
-0.1875,0.3208
-0.1875,0.3208
-0.1875,0.3208
-0.1874,0.319
-0.1804,0.312
-0.1775,0.315
-0.0667,0.3267
-0.0667,0.3267
-0.0667,0.3267
-0.0637,0.34
-0.0637,0.34
-0.0637,0.34
-0.038,0.35
-0.038,0.35
-0.0337,0.3425
-0.0337,0.3425
-0.0075,0.345
-0.0075,0.345
-0.0075,0.345
-0.0075,0.345
-0.005,0.33
0.16,0.33
0.16,0.33
0.16,0.33
0.16,0.33
0.16,0.33
0.185,0.345
0.185,0.345
0.185,0.345
0.185,0.345
0.185,0.345
0.21,0.36
0.21,0.36
0.21,0.36
0.21,0.36
0.35,0.33
0.35,0.33
0.35,0.33
0.3567,0.3067
0.3567,0.3067
0.3567,0.3067
0.36,0.315
0.36,0.315
0.3825,0.325
0.3825,0.325
0.405,0.335
0.41,0.38
0.41,0.38
-0.5,0.35
-0.5,0.35
-0.5,0.35
-0.5,0.35
-0.46,0.35
-0.415,0.35
-0.4167,0.3667
-0.4167,0.3667
-0.408,0.378
-0.408,0.378
-0.408,0.378
-0.405,0.3725
-0.405,0.3725
-0.4,0.37
-0.37,0.35
-0.315,0.3333
-0.3157,0.3429
-0.3078,0.3478
-0.305,0.351
-0.2983,0.3542
-0.295,0.3617
-0.2917,0.3542
-0.286,0.361
-0.286,0.361
-0.285,0.3637
-0.2503,0.3617
-0.2265,0.3537
-0.2153,0.3475
-0.2074,0.3429
-0.196,0.3371
-0.196,0.3371
-0.1934,0.3337
-0.1934,0.3337
-0.1934,0.3337
-0.1944,0.34
-0.1,0.4
-0.0767,0.38
-0.069,0.37
-0.069,0.37
-0.0642,0.3733
-0.057,0.368
-0.0492,0.3667
-0.0429,0.3614
-0.0429,0.3614
-0.0383,0.3567
-0.034,0.362
-0.0183,0.36
-0.0075,0.345
-0.0075,0.345
-0.0075,0.345
-0.0075,0.345
0.16,0.33
0.16,0.33
0.16,0.33
0.16,0.33
0.185,0.345
0.185,0.345
0.185,0.345
0.185,0.345
0.21,0.36
0.21,0.36
0.21,0.36
0.21,0.36
0.21,0.36
0.21,0.36
0.35,0.33
0.35,0.33
0.35,0.33
0.35,0.33
0.35,0.33
0.35,0.33
0.3875,0.375
0.3875,0.375
0.3875,0.375
0.4,0.39
0.4,0.39
0.405,0.385
0.405,0.385
0.41,0.38
0.41,0.38
-0.5,0.35
-0.5,0.35
-0.5,0.35
-0.5,0.35
-0.4467,0.3667
-0.4167,0.3667
-0.4125,0.375
-0.408,0.378
-0.408,0.378
-0.408,0.378
-0.408,0.378
-0.408,0.378
-0.408,0.378
-0.4,0.38
-0.37,0.3967
-0.355,0.395
-0.304,0.368
-0.3,0.37
-0.2933,0.3711
-0.293,0.376
-0.29,0.3745
-0.29,0.3745
-0.29,0.3745
-0.287,0.372
-0.28,0.375
-0.2582,0.378
-0.2582,0.378
-0.2264,0.358
-0.2155,0.3525
-0.2004,0.342
-0.1987,0.34
-0.1987,0.34
-0.198,0.345
-0.201,0.37
-0.201,0.37
-0.1,0.4
-0.1,0.4
-0.0867,0.4033
-0.0867,0.4033
-0.075,0.388
-0.0692,0.3883
-0.0692,0.3883
-0.0679,0.38
-0.0564,0.3714
-0.0492,0.3667
-0.047,0.374
-0.047,0.374
-0.0275,0.365
-0.0183,0.36
-0.0183,0.36
-0.01,0.36
-0.01,0.36
-0.01,0.36
0.16,0.33
0.16,0.33
0.185,0.345
0.21,0.36
0.21,0.36
0.21,0.36
0.21,0.36
0.21,0.36
0.21,0.36
0.21,0.36
0.21,0.36
0.35,0.33
0.37,0.365
0.38,0.3733
0.4,0.39
0.4,0.39
0.4,0.39
0.4,0.39
0.4,0.39
0.4,0.39
0.4,0.39
0.405,0.385
0.41,0.38
0.41,0.38
-0.5,0.35
-0.5,0.35
-0.42,0.4
-0.42,0.4
-0.41,0.4
-0.41,0.4
-0.4075,0.385
-0.408,0.378
-0.408,0.378
-0.405,0.385
-0.4033,0.3967
-0.4033,0.3967
-0.37,0.3967
-0.37,0.3967
-0.3367,0.3933
-0.31,0.395
-0.2975,0.4025
-0.294,0.398
-0.2933,0.38
-0.2933,0.38
-0.29,0.378
-0.2857,0.39
-0.28,0.3883
-0.28,0.3883
-0.276,0.388
-0.2582,0.378
-0.2355,0.375
-0.201,0.37
-0.201,0.37
-0.1855,0.405
-0.1855,0.405
-0.1855,0.405
-0.1855,0.405
-0.17,0.44
-0.135,0.42
-0.1,0.4
-0.095,0.41
-0.0867,0.4033
-0.0867,0.4033
-0.0787,0.3975
-0.071,0.396
-0.071,0.396
-0.0692,0.3883
-0.0692,0.3883
-0.0637,0.395
-0.036,0.39
-0.036,0.39
-0.0275,0.39
-0.0183,0.3933
-0.0183,0.3933
-0.0075,0.395
-0.005,0.43
0.21,0.36
0.21,0.36
0.21,0.36
0.21,0.36
0.21,0.36
0.21,0.36
0.28,0.43
0.28,0.43
0.28,0.43
0.28,0.43
0.28,0.43
0.28,0.43
0.28,0.43
0.28,0.43
0.39,0.4
0.395,0.395
0.4,0.39
0.4,0.39
0.4,0.39
0.4,0.39
0.4,0.39
0.4,0.39
0.4,0.39
0.4,0.39
0.41,0.38
-0.42,0.4
-0.42,0.4
-0.41,0.4
-0.4033,0.3967
-0.4033,0.3967
-0.4033,0.3967
-0.4033,0.3967
-0.4033,0.3967
-0.4033,0.3967
-0.395,0.395
-0.37,0.3967
-0.32,0.4
-0.3033,0.4033
-0.3,0.415
-0.296,0.412
-0.2933,0.4067
-0.29,0.4029
-0.29,0.4029
-0.29,0.4029
-0.285,0.4033
-0.282,0.406
-0.28,0.4
-0.24,0.425
-0.2,0.45
-0.195,0.455
-0.1902,0.43
-0.1902,0.43
-0.1867,0.45
-0.1867,0.45
-0.1867,0.45
-0.17,0.44
-0.135,0.42
-0.12,0.42
-0.12,0.42
-0.095,0.41
-0.0867,0.4033
-0.0867,0.4033
-0.0787,0.3975
-0.071,0.396
-0.071,0.396
-0.071,0.396
-0.052,0.402
-0.0425,0.3975
-0.0333,0.4
-0.0225,0.41
-0.0225,0.41
-0.005,0.43
-0.005,0.43
-0.005,0.43
-0.005,0.43
0.28,0.43
0.28,0.43
0.28,0.43
0.28,0.43
0.28,0.43
0.28,0.43
0.28,0.43
0.28,0.43
0.28,0.43
0.28,0.43
0.39,0.4
0.39,0.4
0.395,0.395
0.4,0.39
0.4,0.39
0.4,0.39
0.4,0.39
0.4,0.39
0.4,0.39
0.405,0.385
-0.42,0.4
-0.42,0.4
-0.41,0.4
-0.41,0.4
-0.41,0.4
-0.4033,0.3967
-0.4033,0.3967
-0.4,0.4
-0.4,0.4
-0.32,0.4
-0.305,0.425
-0.3,0.4233
-0.3,0.4233
-0.296,0.412
-0.296,0.412
-0.2867,0.4233
-0.2867,0.4233
-0.2867,0.4233
-0.2867,0.4233
-0.26,0.44
-0.2,0.45
-0.195,0.455
-0.1875,0.4575
-0.1875,0.4575
-0.1875,0.4575
-0.1875,0.4575
-0.1875,0.4575
-0.1875,0.4575
-0.1867,0.45
-0.18,0.45
-0.17,0.44
-0.12,0.42
-0.095,0.41
-0.095,0.41
-0.095,0.41
-0.095,0.41
-0.0867,0.4033
-0.08,0.405
-0.09,0.42
-0.045,0.4133
-0.0225,0.41
-0.005,0.43
-0.005,0.43
-0.005,0.43
-0.005,0.43
-0.005,0.43
-0.005,0.43
-0.005,0.43
0.28,0.43
0.28,0.43
0.28,0.43
0.28,0.43
0.29,0.455
0.29,0.455
0.29,0.455
0.29,0.455
0.29,0.455
0.29,0.455
0.39,0.4
0.395,0.435
0.395,0.435
0.395,0.435
0.3967,0.42
0.3967,0.42
0.395,0.435
0.4,0.47
-0.29,0.45
-0.29,0.45
-0.29,0.435
-0.29,0.435
-0.29,0.435
-0.29,0.435
-0.29,0.435
-0.29,0.435
-0.29,0.45
-0.245,0.45
-0.195,0.455
-0.1925,0.47
-0.1925,0.47
-0.188,0.464
-0.188,0.464
-0.188,0.464
-0.188,0.464
-0.188,0.464
-0.188,0.464
-0.1833,0.46
-0.17,0.44
-0.17,0.44
-0.09,0.42
-0.09,0.42
-0.09,0.42
-0.09,0.42
-0.09,0.42
-0.09,0.42
-0.005,0.43
-0.005,0.43
-0.005,0.43
-0.005,0.43
-0.005,0.43
-0.005,0.43
-0.005,0.43
-0.005,0.43
-0.005,0.43
0.28,0.43
0.29,0.455
0.29,0.455
0.29,0.455
0.29,0.455
0.29,0.455
0.29,0.455
0.29,0.455
0.3,0.48
0.3,0.48
0.4,0.47
0.4,0.47
0.4,0.47
0.4,0.47
0.4,0.47
0.4,0.47
0.4,0.47
0.4,0.47
0.4,0.47
-0.29,0.45
-0.29,0.45
-0.29,0.45
-0.29,0.45
-0.29,0.45
-0.29,0.45
-0.29,0.45
-0.29,0.45
-0.1933,0.4733
-0.1925,0.47
-0.1925,0.47
-0.1925,0.47
-0.188,0.464
-0.188,0.464
-0.188,0.464
-0.188,0.464
-0.185,0.4675
-0.185,0.4675
-0.005,0.43
0.3,0.48
0.3,0.48
0.29,0.455
0.3,0.48
0.3,0.48
0.3,0.48
0.3,0.48
0.3,0.48
0.3,0.48
0.3,0.48
0.4,0.47
0.4,0.47
0.4,0.47
0.4,0.47
0.4,0.47
0.4,0.47
0.4,0.47
0.4,0.47
0.4,0.47
-0.19,0.49
-0.19,0.485
-0.19,0.4767
-0.19,0.4767
-0.19,0.4767
-0.19,0.4767
-0.19,0.4767
-0.19,0.4767
-0.19,0.485
-0.19,0.485
0.3,0.48
0.3,0.48
0.3,0.48
0.3,0.48
0.3,0.48
0.3,0.48
0.3,0.48
0.3,0.48
0.3,0.48
0.4,0.47
0.4,0.47
0.4,0.47
0.4,0.47
0.4,0.47
0.4,0.47
0.4,0.47
0.4,0.47
