1
2
2
4
5
6
7
8
9
9
11
11
13
14
15
16
17
18
19
20
21
22
23
23
25
26
28
28
30
30
31
31
34
34
35
37
37
38
39
41
41
42
42
45
45
46
48
48
50
50
33
33
33
35
39
39
39
40
40
40
40
27
32
33
33
40
40
40
40
47
47
29
29
32
40
40
40
40
36
36
40
40
40
40
40
40
44
44
29
29
29
33
33
40
40
40
40
44
44
44
44
44
47
47
33
33
33
44
44
44
44
44
44
44
49
49
29
29
29
29
29
29
29
29
33
33
33
33
33
33
33
33
33
33
40
40
40
40
40
44
44
44
44
44
44
44
44
44
44
44
29
29
33
33
33
33
33
40
40
44
44
49
49
29
29
29
33
33
33
33
33
33
33
33
33
33
40
40
40
40
44
44
44
44
44
44
44
44
49
49
29
29
29
29
29
29
33
33
33
33
33
33
33
33
33
33
40
40
40
40
40
44
44
44
44
44
44
44
44
44
29
29
29
29
29
29
29
29
29
29
29
33
33
33
33
33
40
40
40
40
40
44
44
44
44
44
44
44
29
33
33
40
40
40
40
44
33
33
29
29
40
40
33
33
33
33
33
33
44
44
44
44
40
40
33
33
33
33
40
40
44
44
33
33
40
44
44
33
33
33
33
33
33
33
33
33
33
33
40
40
44
44
33
33
33
33
33
33
33
33
44
44
44
44
44
44
33
33
33
33
33
33
33
33
33
33
33
33
33
33
44
44
44
44
44
33
33
33
33
33
33
33
33
33
33
44
44
44
33
33
33
33
33
44
44
44
44
44
44
33
33
33
33
33
33
33
33
33
33
33
33
33
33
33
33
44
44
44
44
44
44
44
44
44
44
44
44
33
33
33
33
33
33
33
33
33
44
44
33
44
33
33
33
44
44
33
33
33
33
44
44
33
33
33
33
33
33
33
33
33
33
33
33
33
33
33
44
44
33
33
33
33
33
33
33
33
33
33
33
44
44
44
44
33
33
33
33
33
33
33
33
33
33
33
33
33
33
44
44
44
33
33
33
33
33
33
33
33
33
33
44
44
33
33
33
33
33
33
33
44
44
33
33
33
33
33
33
33
33
33
33
33
33
33
33
33
33
44
44
33
33
33
33
33
33
33
44
33
33
33
33
33
44
44
44
