1
2
2
4
5
6
7
8
9
9
11
11
13
14
15
16
17
18
19
20
21
22
23
23
25
26
27
27
29
29
31
32
33
34
35
36
36
38
39
40
40
42
42
44
45
46
47
47
49
49
51
52
53
54
55
55
57
58
58
60
60
62
63
64
65
66
66
68
68
71
71
72
72
74
75
75
77
77
79
79
81
81
83
83
85
85
88
88
91
91
91
92
92
95
95
97
97
99
99
100
87
87
70
70
92
92
92
98
98
100
87
87
70
70
70
70
89
89
89
89
90
90
90
90
93
93
93
93
93
93
93
93
80
80
94
94
94
96
96
98
98
87
87
87
87
87
70
70
70
70
89
89
93
93
93
93
93
94
94
98
98
70
70
89
90
90
90
93
93
93
93
93
93
93
93
93
94
94
94
94
87
87
87
87
87
87
70
70
70
70
89
89
89
89
89
89
93
93
93
93
93
93
93
93
93
93
94
94
94
94
94
98
98
87
87
87
87
87
87
87
89
89
89
89
89
89
89
89
89
89
89
93
93
93
93
93
94
94
94
94
94
87
87
87
87
87
87
87
89
93
93
94
94
94
94
70
93
93
89
89
94
94
93
93
93
93
93
93
87
87
94
94
94
94
93
93
93
93
94
94
87
87
93
93
94
87
87
93
93
93
93
93
93
93
93
93
93
93
94
94
87
87
93
93
93
93
93
93
93
93
87
87
87
87
87
87
93
93
93
93
93
93
93
93
93
93
93
93
93
93
87
87
87
87
87
93
93
93
93
93
93
93
93
93
93
87
87
87
93
93
93
93
93
87
87
87
87
87
87
93
93
93
93
93
93
93
93
93
93
93
93
93
93
93
93
87
87
87
87
87
87
87
87
87
87
87
87
93
93
93
93
93
93
93
93
93
87
87
93
87
93
93
93
87
87
93
93
93
93
87
87
93
93
93
93
93
93
93
93
93
93
93
93
93
93
93
87
87
93
93
93
93
93
93
93
93
93
93
93
87
87
87
87
93
93
93
93
93
93
93
93
93
93
93
93
93
93
87
87
87
93
93
93
93
93
93
93
93
93
93
87
87
93
93
93
93
93
93
93
87
87
93
93
93
93
93
93
93
93
93
93
93
93
93
93
93
93
87
87
93
93
93
93
93
93
93
87
93
93
93
93
93
87
87
87
