1
2
2
4
5
6
7
8
9
9
11
11
13
14
15
15
7
18
18
15
20
20
16
16
16
13
17
17
17
17
14
14
19
19
19
20
20
20
20
20
20
16
16
16
16
16
16
16
16
16
19
19
19
19
20
20
20
20
20
16
16
17
17
19
19
20
20
20
20
16
16
17
17
19
20
20
20
20
20
20
20
20
20
20
20
20
16
16
17
17
17
19
19
20
20
20
20
16
16
16
16
16
16
16
20
20
20
16
16
16
16
16
16
16
16
16
17
17
17
17
17
17
17
17
17
17
20
20
20
20
20
20
20
20
20
20
20
20
20
16
16
16
16
16
16
16
16
16
16
16
17
17
20
20
20
20
20
20
20
16
16
16
16
17
17
17
17
17
17
20
20
20
20
20
20
20
20
20
20
20
16
16
16
16
16
16
16
16
16
16
17
17
17
17
17
17
17
20
20
20
20
20
20
20
20
20
20
20
20
20
20
16
16
16
16
16
16
16
16
16
17
17
17
17
17
17
17
17
17
17
17
20
20
20
20
20
20
20
20
20
20
16
16
16
16
16
16
16
17
20
20
20
20
20
20
16
20
20
17
17
20
20
17
17
20
20
20
20
16
16
20
20
20
20
17
17
20
20
20
20
16
16
20
20
20
16
16
17
17
17
17
17
17
17
17
20
20
20
20
20
16
16
20
20
20
20
20
20
20
20
16
16
16
16
16
16
17
17
17
17
17
17
20
20
20
20
20
20
20
20
16
16
16
16
16
17
17
17
17
20
20
20
20
20
20
16
16
16
20
20
20
20
20
16
16
16
16
16
16
17
17
17
17
17
17
17
17
17
20
20
20
20
20
20
20
16
16
16
16
16
16
16
16
16
16
16
16
17
17
20
20
20
20
20
20
20
16
16
20
16
20
20
20
16
16
20
20
20
20
16
16
17
20
20
20
20
20
20
20
20
20
20
20
20
20
20
16
16
17
17
20
20
20
20
20
20
20
20
20
16
16
16
16
20
20
20
20
20
20
20
20
20
20
20
20
20
20
16
16
16
17
17
17
20
20
20
20
20
20
20
16
16
20
20
20
20
20
20
20
16
16
20
20
20
20
20
20
20
20
20
20
20
20
20
20
20
20
16
16
20
20
20
20
20
20
20
16
20
20
20
20
20
16
16
16
