1
2
3
4
5
6
7
8
9
6
10
11
12
13
14
9
15
16
17
7
18
19
20
21
22
23
12
24
25
22
26
27
8
13
28
29
30
24
31
9
32
33
31
34
24
33
35
14
36
17
24
22
4
37
38
20
20
39
40
41
42
43
28
20
29
22
22
7
11
7
6
1
44
45
13
22
6
46
47
48
44
40
49
41
50
22
5
3
18
32
21
29
41
51
43
52
41
20
6
25
31
51
15
36
7
53
16
13
18
22
54
7
4
37
16
2
55
51
16
49
7
32
37
56
45
45
20
32
12
29
35
29
57
58
36
59
21
58
20
52
18
55
23
30
18
11
22
49
32
55
60
8
60
12
3
57
61
51
7
62
7
11
56
19
11
48
17
29
42
7
2
26
53
43
2
63
38
64
1
38
22
45
19
10
43
6
51
65
65
64
53
9
37
38
25
17
54
27
66
49
7
32
5
33
62
20
24
21
45
67
68
58
69
23
27
15
10
44
29
32
12
33
65
47
19
19
24
7
48
69
56
55
52
70
49
49
20
3
46
60
4
9
20
28
24
32
47
46
32
69
34
5
19
37
68
1
37
19
38
6
12
57
71
16
37
9
18
66
1
71
21
12
22
53
70
47
7
24
13
24
66
29
9
45
58
13
1
29
72
19
39
70
55
49
29
7
4
11
13
11
55
67
25
54
7
18
3
24
54
49
31
19
13
32
68
2
6
32
32
37
33
70
6
73
19
13
30
29
7
17
25
33
64
30
49
5
1
11
13
32
46
8
46
15
66
7
63
32
49
59
14
2
22
22
37
26
4
66
33
9
45
2
46
5
44
14
44
1
39
22
1
32
10
7
25
21
22
4
25
2
15
67
43
17
65
32
70
51
65
1
19
39
56
49
73
10
11
62
30
21
66
54
43
68
1
15
11
31
65
35
65
42
20
51
37
54
37
37
70
41
53
60
26
2
73
9
36
25
22
23
16
1
22
7
13
13
61
7
70
29
3
12
2
7
71
11
18
15
8
53
58
5
30
25
37
51
23
44
2
20
16
25
19
44
61
64
6
22
52
4
41
16
21
62
41
53
53
47
9
12
37
24
60
23
5
37
7
30
25
46
47
38
7
52
19
44
12
24
37
30
15
30
16
57
7
65
32
23
2
52
65
16
66
66
23
24
6
68
8
43
40
11
22
2
40
28
33
55
51
18
51
20
68
63
6
19
19
25
36
13
54
47
1
54
7
11
30
23
46
46
70
51
22
38
35
11
45
29
56
37
20
25
59
50
29
20
26
70
45
15
48
69
73
23
20
7
18
6
19
69
53
54
38
30
22
54
59
63
53
15
70
2
12
6
47
39
19
53
3
29
51
39
8
36
39
44
49
31
44
46
8
33
48
9
40
15
35
7
45
36
63
7
40
73
20
58
66
23
16
13
13
15
20
47
23
44
60
32
40
18
47
6
13
51
62
62
28
23
48
60
23
43
24
44
46
51
63
33
5
16
61
24
2
50
28
29
61
10
30
2
36
24
16
15
14
69
39
52
1
9
66
63
1
5
63
55
13
18
7
63
62
35
68
54
7
32
43
51
65
3
3
27
1
52
43
2
6
58
59
32
15
23
29
26
41
60
51
31
42
20
61
62
62
29
66
11
16
13
43
66
18
29
6
38
17
41
23
17
43
1
2
51
39
39
15
52
4
52
21
11
2
62
2
30
46
36
10
45
9
15
43
17
51
49
18
64
20
26
60
3
11
1
39
63
18
40
52
56
7
46
71
53
9
15
63
18
16
64
32
41
28
15
19
3
47
10
70
42
38
22
10
38
12
23
61
65
19
37
19
14
70
50
44
1
65
54
66
10
21
63
36
27
39
31
51
12
38
30
11
34
42
63
39
12
9
62
51
61
51
58
24
31
18
47
2
52
28
13
38
8
40
50
69
51
44
62
28
72
30
27
25
18
20
61
61
38
63
18
25
15
33
65
3
3
53
38
3
39
17
4
48
63
5
25
2
10
53
7
57
41
14
54
16
13
33
65
23
33
21
25
41
3
5
37
7
38
61
25
25
44
11
1
25
8
38
26
15
13
11
66
10
47
1
20
69
54
29
22
2
54
51
16
1
6
47
65
57
1
13
47
64
17
18
24
33
26
43
44
38
62
38
45
9
2
59
3
14
70
45
46
32
5
39
5
44
49
4
61
16
4
39
26
53
12
45
41
36
25
60
1
12
41
22
17
38
62
62
2
64
20
26
52
13
13
49
22
25
33
60
12
11
3
57
63
51
68
56
46
18
37
46
39
46
33
7
26
69
33
41
61
52
9
33
18
32
40
38
72
32
14
62
2
32
33
22
31
54
56
41
29
41
43
59
7
17
67
23
18
69
37
53
5
56
10
48
62
45
18
38
29
30
26
29
21
17
13
46
53
33
28
3
58
24
1
44
26
70
51
52
1
61
19
48
37
52
28
55
34
18
5
22
45
30
70
44
43
11
25
21
70
11
33
8
46
6
6
66
49
22
5
50
15
68
5
13
51
70
21
9
25
73
17
49
43
44
40
62
49
19
32
60
69
13
1
50
42
32
21
43
17
40
23
8
37
7
25
65
24
16
47
51
60
38
52
24
32
47
52
53
17
59
30
42
60
37
49
50
35
8
35
59
63
19
3
49
29
59
50
65
36
10
26
45
17
51
19
49
26
24
68
15
11
36
15
32
73
20
49
6
51
57
9
2
22
26
23
13
68
15
25
61
30
15
17
17
68
59
10
9
66
9
2
71
47
37
29
65
61
32
26
38
27
60
28
44
24
35
26
30
63
21
43
29
1
64
21
18
34
20
20
21
30
16
5
43
59
65
62
42
40
17
38
28
66
18
18
66
69
55
25
35
26
61
29
49
24
22
3
62
25
4
19
19
65
61
59
33
3
11
15
5
10
62
35
19
30
65
7
11
27
58
32
17
46
13
62
10
6
5
6
2
40
3
33
43
29
32
18
71
27
24
20
24
10
35
32
19
66
40
66
19
23
51
71
30
46
22
33
61
5
6
21
66
52
13
36
32
21
41
65
11
38
32
51
73
71
4
30
1
38
2
46
52
68
35
47
20
46
61
39
61
52
43
18
19
20
10
26
21
19
21
10
9
65
52
52
33
29
52
10
19
47
65
13
19
63
62
70
1
68
69
46
20
19
30
65
27
30
50
16
69
43
10
65
13
63
63
26
73
37
12
20
64
30
58
21
42
29
71
37
22
36
47
2
33
14
44
56
48
21
59
39
50
13
32
20
43
37
39
43
24
56
11
18
43
18
61
61
10
63
72
19
6
50
47
24
26
15
71
30
22
14
45
40
63
22
26
43
13
63
2
39
47
50
6
71
3
19
65
58
61
69
33
45
18
5
20
62
11
7
17
29
2
25
46
2
28
47
4
9
2
44
29
17
16
44
49
47
26
23
29
43
49
21
4
4
18
29
58
52
38
16
44
48
6
63
61
13
18
49
24
68
11
48
51
45
12
48
1
37
31
41
4
37
36
11
43
51
29
3
16
26
44
43
70
24
7
53
65
12
5
44
1
62
30
64
62
64
21
39
20
30
71
17
24
37
18
30
43
41
36
17
19
25
20
26
2
5
20
4
50
24
47
11
40
66
20
27
42
7
39
52
27
30
65
21
41
62
30
48
25
29
14
52
49
44
54
53
42
60
21
41
66
51
43
37
41
49
38
3
11
54
38
14
6
39
47
29
66
51
70
37
17
69
61
41
40
73
24
5
26
49
29
6
52
9
50
11
37
35
13
1
33
58
58
44
51
18
62
42
52
11
58
17
33
9
4
22
56
32
45
63
52
20
63
49
29
32
39
43
7
6
5
71
1
35
17
18
43
21
47
11
61
33
20
46
4
21
30
22
51
53
50
70
25
23
69
17
62
21
24
4
24
11
5
54
63
5
3
13
1
39
11
63
10
11
37
10
13
73
25
49
33
16
11
33
32
17
15
28
39
61
44
37
44
73
37
38
63
15
8
57
63
13
52
15
3
72
68
16
69
55
27
70
46
2
58
69
37
43
22
63
32
29
37
67
43
49
40
71
45
29
52
5
33
71
65
21
60
8
73
51
6
62
40
54
3
2
61
26
25
66
59
21
16
52
9
49
55
36
42
29
65
39
50
24
71
22
21
3
26
70
51
27
61
28
19
6
70
28
30
46
72
46
48
15
30
34
17
16
57
18
29
15
40
66
29
59
46
47
33
47
18
53
29
11
2
12
7
17
19
4
40
4
51
63
15
32
43
4
22
15
29
29
33
22
24
72
65
69
16
10
72
49
56
15
4
49
11
28
63
60
10
17
18
13
23
55
31
5
41
52
12
7
47
9
7
52
4
61
38
4
72
50
42
65
36
21
73
52
48
64
4
24
73
1
63
65
39
55
30
5
66
57
69
16
35
20
45
2
31
32
65
11
24
18
19
25
62
37
17
1
62
47
16
61
6
66
46
26
7
18
38
51
65
2
73
23
49
73
59
14
51
21
59
52
9
59
62
36
48
65
47
71
24
13
33
19
58
28
13
17
19
4
10
16
14
33
47
34
44
41
29
10
7
24
2
24
72
17
11
42
4
60
40
12
28
59
50
65
7
65
48
31
45
1
18
64
45
7
11
38
30
4
4
22
43
38
61
2
46
56
15
3
24
1
21
10
3
6
39
44
35
52
23
48
23
14
63
57
49
2
60
41
36
58
39
9
50
43
38
51
63
71
30
39
12
73
42
13
51
17
11
41
38
72
53
46
45
23
26
61
41
18
19
46
25
10
1
63
44
63
72
47
62
3
25
5
60
51
41
49
29
49
37
68
22
28
8
8
13
51
72
2
4
33
1
20
55
47
50
35
23
37
26
64
29
18
21
26
7
45
44
9
53
73
63
25
24
3
11
19
15
59
62
22
20
62
61
24
41
68
63
53
8
16
39
29
48
26
50
55
1
65
49
39
62
19
51
71
13
16
1
39
31
71
66
65
11
32
10
65
37
59
45
15
28
52
53
8
61
33
37
5
53
30
50
47
9
72
44
51
32
29
1
9
68
15
51
36
12
6
17
20
63
1
2
13
46
68
17
22
45
4
42
40
15
72
43
32
37
14
36
6
20
4
10
18
28
36
22
3
13
49
15
72
12
17
6
33
8
17
16
44
7
12
19
62
23
54
18
40
47
30
10
21
41
10
54
52
54
1
39
13
30
4
69
6
7
63
26
22
9
46
66
61
45
6
6
30
2
65
10
3
18
13
37
18
5
37
47
34
46
9
6
69
29
24
64
3
59
60
56
36
49
10
33
19
21
33
16
59
13
32
59
25
26
11
24
60
11
18
48
18
36
24
23
24
62
29
39
18
39
3
49
44
72
20
49
27
19
42
45
17
9
39
18
28
16
52
12
21
45
36
40
58
8
21
49
18
29
9
21
48
37
11
57
55
38
32
26
44
42
31
25
57
20
32
13
33
62
8
71
46
36
49
38
29
4
36
13
6
62
62
52
50
4
66
66
16
71
8
12
19
40
42
5
38
18
22
24
63
63
30
19
48
32
36
2
62
34
39
4
65
20
19
43
49
65
30
19
19
67
20
39
4
11
33
12
16
11
9
51
64
6
16
61
19
20
44
44
9
38
54
6
18
11
64
65
65
55
72
26
12
55
35
52
12
36
22
39
70
35
62
32
21
15
41
52
53
21
69
41
54
31
61
6
23
43
39
6
57
26
35
12
51
16
44
73
61
45
14
1
34
29
54
33
40
47
30
45
2
22
46
69
17
38
30
24
24
43
18
21
16
15
7
57
70
59
1
5
47
5
65
66
38
9
25
2
64
21
32
16
32
7
16
25
66
53
2
14
32
65
55
10
30
60
43
30
41
3
73
61
50
65
8
40
32
1
4
69
18
53
13
9
59
68
12
26
69
5
48
16
68
4
29
69
59
2
65
42
49
68
41
1
65
70
38
2
17
12
2
26
62
18
13
11
53
19
3
47
7
61
13
41
64
13
13
12
42
17
69
21
12
12
73
2
20
14
43
63
59
21
70
51
45
35
23
44
47
59
43
15
5
52
10
46
11
1
47
15
20
38
16
28
28
45
44
33
40
6
19
52
11
21
51
70
43
28
29
20
16
60
24
43
45
8
18
25
20
70
60
33
10
4
33
57
4
3
43
8
16
52
33
1
46
47
10
5
10
53
4
2
17
52
66
52
16
39
30
14
30
22
68
22
26
44
17
13
69
70
17
3
73
21
2
22
61
51
32
41
39
68
24
50
23
12
11
2
52
43
62
3
28
43
26
11
42
65
13
30
44
62
51
37
12
45
9
52
53
45
38
72
22
49
20
29
26
18
52
15
10
42
62
61
11
12
26
14
5
29
60
51
18
71
14
38
65
64
47
19
27
24
63
10
29
48
16
33
31
27
29
51
38
1
34
41
61
73
14
72
19
5
9
5
5
60
26
33
43
54
44
5
63
9
35
51
46
64
46
45
46
46
2
63
52
6
2
56
68
23
52
61
54
20
6
41
60
12
12
64
72
9
65
45
21
9
66
9
33
4
63
30
8
15
22
47
21
50
25
52
23
16
20
25
42
51
68
65
5
7
22
62
63
28
15
13
10
28
70
21
49
41
47
32
3
47
7
28
21
22
13
7
18
56
26
68
4
37
52
9
43
5
2
15
38
11
17
16
66
73
41
21
25
11
51
29
42
25
2
64
49
41
9
10
12
6
9
12
9
4
62
32
52
15
65
25
63
9
3
15
22
39
46
1
45
7
40
19
3
25
19
43
17
45
69
3
65
19
32
49
18
36
43
25
21
15
25
65
39
45
57
52
29
8
9
62
5
49
42
38
48
7
11
21
58
3
12
10
12
29
59
65
17
2
22
13
2
70
8
66
62
21
17
34
7
41
2
57
47
30
52
26
5
41
39
24
3
63
45
7
34
62
49
71
17
4
51
22
66
54
30
47
44
41
61
11
4
20
25
59
66
65
3
5
45
33
9
56
18
70
46
22
16
29
12
9
17
72
69
69
25
42
66
47
12
27
21
3
24
29
40
21
6
72
71
22
21
4
55
8
32
67
7
19
3
47
35
44
15
40
22
63
24
68
24
53
22
18
1
25
55
26
18
5
41
11
55
61
41
66
72
30
30
3
28
33
45
9
17
27
9
45
6
47
46
19
29
32
48
50
5
53
66
62
2
44
14
40
20
51
32
13
29
13
7
28
71
6
40
39
8
32
13
44
14
3
46
38
7
64
25
46
72
29
30
21
17
13
17
40
41
34
61
33
28
46
27
66
33
5
9
12
21
53
22
4
38
22
26
24
11
26
54
38
63
51
65
33
52
33
26
16
44
58
54
25
10
13
68
73
50
7
17
38
63
44
5
5
53
4
4
63
47
33
20
50
22
24
47
48
65
24
30
44
57
1
55
45
52
62
30
33
43
38
25
25
12
43
8
13
45
18
46
58
32
65
30
6
45
59
29
26
13
14
68
68
30
23
46
21
46
17
39
20
50
8
17
4
62
9
42
43
17
6
25
50
29
11
68
49
67
50
6
39
41
6
46
41
24
16
55
63
47
41
73
48
41
17
1
43
21
16
2
43
24
13
5
47
5
21
29
18
1
7
41
48
26
54
7
38
54
62
1
35
50
26
54
17
26
46
36
51
57
61
22
16
24
22
17
63
15
61
71
43
71
38
31
3
49
70
10
65
20
3
21
17
2
61
64
40
42
73
18
1
1
43
7
37
16
43
63
37
47
4
37
26
42
17
65
15
57
53
64
8
65
1
49
40
71
12
56
62
70
4
23
56
71
38
61
28
49
29
3
67
29
55
71
29
41
12
61
17
1
47
40
49
17
41
51
17
30
47
27
12
5
19
16
43
9
26
15
66
39
44
19
3
36
64
54
63
46
45
59
70
17
65
29
51
19
45
21
22
30
1
14
14
16
15
61
49
5
45
58
19
29
1
21
6
38
41
3
63
4
68
3
30
36
6
25
30
39
15
6
10
45
21
66
24
51
36
72
20
21
56
8
14
64
46
11
42
23
16
70
9
62
57
3
70
16
44
70
45
49
39
16
11
2
50
51
13
64
4
33
12
26
4
17
16
5
58
7
5
27
41
54
45
7
6
1
10
62
53
50
37
38
25
30
64
15
41
30
3
18
60
6
71
31
12
69
6
29
18
63
51
58
50
49
51
20
27
46
31
17
70
63
14
19
52
38
4
37
60
3
44
33
58
45
61
65
7
4
67
15
