1
2
3
4
5
6
7
8
9
10
11
12
13
14
15
16
17
18
19
20
21
22
23
24
25
26
27
28
29
30
31
32
33
34
35
36
37
38
39
40
41
42
43
44
45
46
47
48
49
50
47
42
17
31
27
44
47
24
5
12
14
3
42
6
5
38
32
24
12
11
32
1
23
14
47
45
23
20
41
24
32
27
24
27
12
33
50
16
21
42
31
46
24
3
17
27
18
27
32
32
16
6
40
12
6
45
32
30
32
47
35
16
14
43
41
21
37
31
4
14
38
40
12
4
9
32
16
7
14
38
6
30
44
4
10
49
20
40
32
41
44
42
4
31
14
41
49
3
40
50
5
49
29
20
41
35
9
8
22
42
44
15
6
49
27
47
11
22
40
44
28
38
9
17
18
2
43
42
41
3
10
14
3
49
37
39
38
36
17
13
8
27
23
35
46
43
44
28
6
18
38
44
22
20
10
26
26
22
44
20
30
17
30
9
50
30
29
47
16
45
36
44
46
25
29
35
50
46
17
9
26
11
12
33
27
31
25
3
8
6
19
27
6
5
29
25
47
16
8
17
41
29
46
39
12
9
44
24
42
25
38
40
9
42
31
42
32
6
16
49
14
25
20
46
20
39
3
39
15
14
45
34
49
47
41
46
6
37
32
11
15
9
11
41
41
27
26
20
29
50
50
29
40
49
35
47
44
5
35
42
3
49
38
37
6
17
46
45
12
35
35
6
29
9
11
23
17
37
1
30
11
49
41
16
31
6
39
3
31
14
39
4
38
34
14
38
20
6
38
3
6
6
11
50
28
32
29
49
14
26
21
17
24
2
14
16
44
10
8
30
3
16
47
39
39
32
22
7
24
50
46
27
32
42
4
2
12
33
23
20
50
31
50
26
35
14
33
1
14
6
6
27
40
31
31
43
10
24
19
28
12
1
4
37
13
41
9
36
12
47
38
6
41
37
31
41
42
38
40
31
27
14
44
4
39
7
9
38
2
37
5
50
1
38
23
18
15
12
31
37
39
42
46
5
37
6
43
5
49
30
41
27
14
35
33
13
6
32
36
28
32
17
32
34
40
19
18
6
21
43
35
14
37
5
10
14
46
15
36
45
41
14
43
40
46
17
31
33
4
22
32
47
22
31
41
40
19
31
3
47
17
38
14
35
37
39
17
23
37
14
20
45
42
25
38
31
12
36
19
17
22
14
23
9
6
18
11
6
43
13
37
23
23
47
40
41
3
49
40
6
32
32
24
20
24
46
11
29
37
47
31
36
33
35
20
6
39
41
33
6
38
39
40
9
29
36
15
41
12
32
35
2
11
20
33
33
21
32
44
3
41
26
42
11
16
44
15
40
6
31
14
29
9
46
3
27
24
41
26
32
47
31
50
3
14
12
5
36
47
38
35
6
3
47
32
40
6
31
9
9
47
44
23
43
49
40
27
31
49
45
6
27
21
34
25
23
45
3
36
15
20
40
9
9
24
40
1
25
11
22
49
14
26
25
39
31
3
20
27
9
5
17
14
41
37
7
5
48
3
45
27
46
34
27
24
47
41
36
28
27
50
47
44
38
43
30
6
14
24
45
26
20
41
50
40
14
19
14
1
47
46
45
3
14
39
9
45
26
1
9
37
29
12
41
14
45
35
37
30
45
35
44
47
16
48
1
32
41
34
35
30
5
36
7
12
6
31
6
39
18
31
24
35
37
44
12
36
49
9
33
9
30
22
11
6
14
40
29
50
16
33
24
45
30
31
16
10
32
40
17
15
49
23
33
13
19
1
1
39
33
14
22
22
36
3
24
30
28
20
41
12
42
50
1
47
16
36
6
30
35
17
6
3
14
19
29
46
22
48
45
42
34
10
21
27
31
47
2
31
6
1
29
17
1
23
37
25
33
38
45
2
26
38
33
41
17
37
37
8
37
47
19
6
6
38
10
7
48
17
42
1
39
41
9
36
31
44
42
3
50
36
21
35
39
2
30
31
9
41
41
18
3
47
30
22
2
18
5
13
22
41
35
13
32
27
29
1
31
44
40
31
34
6
24
14
49
27
11
41
9
22
50
16
19
23
2
2
44
44
11
6
36
33
21
3
33
37
6
33
27
28
49
26
42
4
11
14
23
6
47
28
23
17
4
15
34
19
39
47
3
6
2
48
6
8
22
24
34
25
45
12
5
31
49
28
47
6
9
25
6
23
37
20
26
29
24
32
12
33
11
37
17
36
39
12
42
13
20
50
30
5
32
11
30
7
20
20
20
25
3
