1
2
3
4
5
6
7
8
9
10
11
12
13
14
15
16
17
18
19
20
21
22
23
24
25
26
27
28
29
30
31
32
33
34
35
36
37
38
39
40
41
42
43
44
45
46
47
48
49
50
51
52
53
54
55
56
57
58
59
60
61
62
63
64
65
66
67
68
69
70
71
72
73
74
75
76
77
78
79
80
81
82
83
84
85
86
87
88
89
90
91
92
93
94
95
96
97
98
99
100
88
64
40
85
6
76
67
30
81
75
35
88
74
43
41
21
37
62
4
74
38
56
12
4
9
81
88
7
61
66
6
30
56
4
10
49
78
40
32
41
44
90
4
54
14
79
53
67
40
87
59
49
94
78
41
35
9
8
22
42
56
40
6
49
98
57
11
22
40
44
77
92
98
17
18
2
43
74
41
99
10
61
99
49
37
39
92
62
53
13
8
55
23
35
98
43
44
77
64
97
66
44
60
78
10
26
26
75
56
78
65
17
63
9
76
30
29
75
88
76
92
65
92
52
29
35
87
92
17
9
26
11
60
57
66
54
25
85
8
64
19
27
64
65
67
9
57
5
8
17
41
29
46
39
12
9
56
83
84
25
66
40
9
90
91
63
91
6
88
49
74
25
20
92
78
72
62
39
15
74
45
34
49
75
79
46
6
37
99
11
15
55
11
79
79
96
26
78
29
50
50
29
40
74
35
75
44
5
35
84
62
53
66
83
6
95
92
45
12
35
35
6
29
9
11
23
95
24
72
30
70
66
79
88
72
6
39
94
62
61
80
4
38
34
61
66
78
53
66
3
64
64
11
50
44
81
29
49
74
26
21
95
83
2
74
88
56
10
8
65
62
88
75
39
80
67
22
7
68
50
92
84
100
90
4
2
12
33
23
20
50
91
87
26
35
74
53
72
61
6
6
27
40
91
91
43
10
24
19
28
85
9
4
37
13
41
9
36
75
47
38
6
79
37
54
12
90
66
40
91
84
61
56
4
80
7
55
66
2
37
59
50
72
66
23
97
15
75
54
37
80
63
46
5
37
6
43
59
6
63
79
82
74
35
33
81
64
71
36
77
100
95
32
34
40
98
97
64
97
43
35
61
83
5
10
61
98
40
36
45
41
74
43
40
92
53
54
33
4
22
71
75
60
54
41
40
19
54
94
47
95
19
74
35
37
39
95
23
37
61
20
76
90
55
66
91
12
36
98
17
22
74
23
9
6
18
11
6
43
32
37
77
23
75
56
79
62
74
40
64
99
67
78
20
78
92
11
29
37
75
91
60
33
35
20
6
39
79
53
64
38
80
56
9
29
38
15
12
85
67
35
2
81
80
51
51
21
100
56
62
41
26
84
11
88
56
15
40
64
91
61
29
9
92
99
82
68
79
26
81
75
81
50
3
74
69
59
36
47
38
35
6
85
75
81
56
6
91
9
9
47
44
23
43
49
40
82
54
49
87
64
74
89
34
55
77
87
99
36
15
78
56
9
9
93
40
72
25
70
22
66
74
26
52
39
91
62
20
84
98
59
17
74
79
37
7
59
48
94
45
82
92
34
82
24
47
41
36
28
55
50
57
56
38
43
63
6
74
58
45
26
78
79
87
40
61
19
74
72
47
54
45
62
61
39
9
41
26
9
9
37
29
12
79
61
45
35
89
30
41
35
44
57
63
14
72
94
79
34
35
30
65
36
7
12
64
62
64
83
18
54
93
35
37
65
12
36
49
55
51
9
65
75
11
64
74
56
67
87
16
33
93
45
30
91
88
10
100
40
95
15
53
23
57
70
98
1
72
39
57
61
22
60
60
62
24
63
28
78
79
85
63
87
72
75
88
92
6
30
35
6
6
3
61
46
94
62
60
14
45
42
34
10
21
96
31
57
2
31
64
72
94
53
72
23
89
25
33
66
41
2
73
66
86
41
53
37
37
8
37
47
19
6
6
66
70
49
14
95
90
72
72
12
9
92
62
56
84
3
76
36
89
35
80
2
63
81
98
79
79
97
85
57
65
22
2
97
63
13
22
79
35
13
67
84
29
72
54
56
40
91
34
6
68
74
66
84
11
41
9
75
87
88
19
23
2
2
56
59
11
6
60
33
89
3
33
37
6
51
27
28
66
26
84
4
11
61
77
6
75
28
23
17
4
15
34
46
39
47
3
64
20
14
64
8
60
80
34
52
76
60
59
91
53
28
75
64
55
25
6
77
37
20
26
29
68
67
69
57
11
37
17
92
39
12
90
81
20
50
30
59
100
81
30
7
80
20
9
25
62
