1
2
3
4
5
6
7
8
19
10
16
12
13
2
20
16
17
18
4
20
5
6
6
19
5
2
17
5
7
16
7
5
5
16
16
12
5
19
17
13
17
16
7
19
17
6
6
16
14
6
5
20
17
11
7
5
19
7
16
17
17
7
7
19
19
8
19
20
19
20
20
11
8
20
11
8
8
19
19
19
19
20
20
19
19
8
11
19
19
20
20
19
8
19
11
8
19
11
20
19
19
11
20
19
8
20
20
20
19
11
19
19
20
11
20
20
8
20
20
11
8
19
19
11
11
20
20
19
8
19
19
20
9
11
20
20
19
8
20
19
8
19
20
19
20
20
19
8
8
11
11
19
8
9
20
20
20
11
20
20
19
19
11
11
8
11
20
11
19
11
9
20
11
9
20
19
9
15
20
11
19
20
11
19
19
9
11
20
19
20
20
11
20
20
15
9
9
9
15
9
9
15
9
9
15
9
15
15
9
15
15
15
15
9
15
9
9
15
15
9
9
9
15
15
9
15
15
9
15
15
15
9
9
15
15
9
9
15
15
20
9
15
15
9
9
15
15
9
15
15
15
15
9
15
15
15
9
15
1
17
2
16
14
4
7
5
16
8
6
8
16
18
11
17
16
17
3
7
14
8
4
18
7
8
18
18
13
5
19
13
4
16
18
6
5
16
7
6
8
18
16
8
16
17
7
19
16
17
6
17
14
17
14
17
4
14
20
16
19
20
11
19
20
19
20
19
11
8
11
8
11
20
19
11
19
11
11
20
11
19
8
19
20
19
11
8
19
11
19
19
19
8
19
20
11
19
8
19
20
19
20
9
9
19
20
20
19
20
19
9
8
9
9
9
15
9
15
15
15
9
9
15
9
15
9
15
9
15
9
9
15
9
15
9
9
9
9
9
15
15
9
15
9
