1
2
3
4
5
6
7
45
44
10
11
12
13
14
15
16
17
18
19
15
21
46
23
24
25
26
27
28
29
30
31
32
33
34
42
36
37
19
39
40
41
42
43
44
45
46
47
48
49
50
25
40
45
49
20
37
9
31
34
27
39
29
20
24
9
9
9
20
38
22
15
35
8
20
35
8
8
9
9
9
9
22
15
9
9
8
35
9
9
22
20
9
8
9
35
9
9
35
20
9
9
35
20
9
8
22
15
20
9
35
9
9
20
35
20
40
8
35
22
35
9
9
9
35
35
20
22
9
9
9
9
35
9
35
35
20
9
9
20
9
9
9
20
9
20
20
9
9
9
35
35
9
9
9
20
20
20
35
20
20
9
9
35
35
9
35
20
35
9
35
9
20
35
9
20
9
9
35
20
35
9
20
35
9
9
9
35
20
9
20
20
35
20
20
20
9
9
9
20
9
9
20
9
9
20
9
20
20
9
20
20
20
20
9
20
9
9
20
20
9
9
9
20
20
9
20
20
9
20
20
20
9
9
20
20
9
9
20
20
20
9
20
20
9
9
20
20
9
20
20
20
20
9
20
20
20
9
20
1
27
26
34
49
19
40
33
42
8
23
8
42
18
49
45
42
41
3
7
49
21
37
18
15
8
38
18
40
28
24
13
4
42
19
43
5
42
31
46
8
18
34
8
34
27
31
38
49
39
46
41
14
27
49
27
19
49
22
34
38
15
35
38
15
38
15
38
35
8
35
8
35
15
38
49
44
35
49
15
35
44
8
38
15
44
35
8
38
49
38
44
38
8
38
15
49
44
8
38
15
38
15
9
9
38
35
15
38
20
9
9
9
9
9
9
20
9
20
20
20
9
9
20
9
20
9
20
9
20
9
9
20
9
20
9
9
9
9
9
20
20
9
20
9
