1
2
3
4
5
6
7
8
19
10
16
12
13
2
20
16
17
18
4
20
5
15
6
19
5
2
17
5
7
11
7
19
5
11
11
12
5
19
8
20
17
11
7
9
8
15
6
16
14
6
5
20
17
11
20
5
9
7
11
17
8
7
20
9
9
9
9
20
9
15
15
11
8
20
11
8
8
9
9
9
9
15
15
9
9
8
11
9
9
15
20
9
8
9
11
9
9
11
15
9
9
11
20
9
8
15
15
20
9
11
9
9
15
11
20
20
8
15
15
11
9
9
9
11
11
20
15
9
9
9
9
15
9
15
15
20
9
9
15
9
9
9
15
9
20
15
9
9
9
15
11
9
9
9
15
15
15
11
15
15
9
9
11
11
9
11
15
11
9
11
9
15
11
9
15
9
9
15
15
11
9
15
11
9
9
9
11
15
9
15
15
11
15
15
15
9
9
9
15
9
9
15
9
9
15
9
15
15
9
15
15
15
15
9
15
9
9
15
15
9
9
9
15
15
9
15
15
9
15
15
15
9
9
15
15
9
9
15
15
15
9
15
15
9
9
15
15
9
15
15
15
15
9
15
15
15
9
15
1
17
2
16
14
19
7
5
16
8
6
8
16
18
11
17
16
17
3
7
14
5
4
18
7
8
19
18
13
5
19
13
4
16
19
6
5
16
7
6
8
18
16
8
16
17
7
19
16
17
6
17
14
17
14
17
19
14
20
16
19
20
11
19
20
19
20
19
11
8
11
8
11
20
19
11
19
11
11
20
11
19
8
19
20
19
11
8
19
11
19
19
19
8
19
20
11
19
8
19
20
19
20
9
9
19
20
20
19
15
9
9
9
9
9
9
15
9
15
15
15
9
9
15
9
15
9
15
9
15
9
9
15
9
15
9
9
9
9
9
15
15
9
15
9
