1
2
3
4
5
6
7
8
9
10
11
12
13
14
15
16
17
18
19
20
21
22
23
24
25
26
27
28
29
30
31
32
33
59
42
36
56
38
39
40
41
42
43
44
45
46
47
48
49
50
25
52
53
54
55
56
9
58
59
60
61
62
63
64
65
66
81
68
69
82
71
72
77
68
75
76
77
78
79
80
81
82
70
84
85
86
95
88
89
90
91
92
93
94
95
96
89
98
99
100
85
54
68
65
73
90
71
68
80
95
69
78
99
95
99
52
93
70
90
95
96
84
69
95
72
68
82
88
96
80
92
70
73
87
70
74
81
73
74
92
73
92
74
92
74
70
92
73
73
87
87
92
73
73
70
74
74
87
74
74
97
92
87
87
73
87
99
87
97
87
92
74
87
97
70
92
97
87
74
87
97
74
87
92
81
67
87
74
81
74
74
87
74
70
83
67
67
67
83
67
67
83
67
67
83
67
83
83
67
83
83
83
83
67
83
67
67
83
74
67
67
67
83
83
67
83
83
67
83
83
83
67
67
83
83
67
67
83
83
74
67
83
83
67
67
83
83
67
83
83
83
74
67
83
83
87
67
83
1
27
26
34
49
19
63
33
35
45
23
8
35
18
54
53
35
41
3
7
49
79
37
18
15
86
38
18
40
28
24
13
4
35
19
43
5
42
31
46
45
18
34
33
34
60
31
38
54
61
46
41
14
60
49
60
19
49
22
34
69
68
95
80
71
69
99
88
95
76
95
77
54
68
69
54
85
95
54
71
72
84
96
69
71
85
95
96
78
54
88
85
100
93
69
68
54
94
73
92
74
92
74
92
73
92
70
74
92
74
92
81
97
81
92
67
83
67
83
83
83
67
67
83
67
83
67
83
67
83
67
67
83
67
83
67
67
67
67
67
83
83
67
83
67
