1
2
3
4
5
6
7
45
44
10
11
12
13
14
15
16
17
18
19
15
21
46
23
24
25
26
27
28
29
30
31
32
33
34
42
36
37
19
39
40
41
42
43
44
45
46
47
48
49
50
25
40
45
49
43
37
44
31
34
27
39
29
7
24
38
8
38
15
38
22
15
35
8
15
35
8
8
38
44
38
38
22
15
44
44
8
35
38
44
22
15
38
8
44
35
8
44
42
15
38
38
35
15
44
8
22
15
15
38
35
38
38
15
35
15
40
8
22
22
35
8
44
38
35
35
15
15
38
8
38
38
35
9
35
15
15
38
8
15
38
8
38
15
38
15
35
38
8
8
35
35
38
8
9
15
15
15
35
15
15
44
38
35
35
8
35
15
35
44
35
9
15
35
9
35
38
9
35
15
35
44
15
35
38
9
9
35
15
38
9
35
35
15
35
20
9
9
9
20
9
9
20
9
9
20
9
20
20
9
20
20
20
20
9
20
9
9
20
20
9
9
9
20
20
9
20
20
9
20
20
20
9
9
20
20
9
9
20
20
20
9
20
20
9
9
20
20
9
20
20
20
20
9
20
20
20
9
20
1
27
26
34
49
19
40
33
42
8
23
8
42
18
49
45
42
41
3
7
49
21
37
18
43
8
19
18
40
28
24
13
4
42
19
43
5
42
31
46
8
18
34
8
34
27
31
19
49
39
46
41
14
27
49
27
19
49
22
34
38
15
35
38
15
38
15
38
35
8
35
8
49
15
38
49
44
35
49
15
35
44
8
38
15
44
35
8
38
49
38
38
38
8
38
15
49
44
8
38
15
38
15
9
9
38
35
15
38
15
38
9
8
9
9
9
20
9
20
20
20
9
9
20
9
20
9
20
9
20
9
9
20
9
20
9
9
9
9
9
20
20
9
20
9
