1
10
3
3
5
6
6
8
4
10
2
3
3
10
6
10
1
3
4
6
5
6
6
4
5
10
1
5
6
2
6
5
5
2
2
3
5
4
1
4
1
2
6
4
8
6
6
10
2
6
5
4
1
2
6
5
4
6
2
1
1
6
6
4
4
8
4
6
4
6
6
2
8
6
2
8
8
4
4
4
4
6
6
4
4
8
2
4
4
6
6
4
8
4
2
8
4
2
6
4
4
2
6
4
8
6
6
6
4
2
4
4
6
2
6
4
8
6
6
2
8
4
4
2
2
6
6
4
8
4
4
6
9
7
6
6
4
8
6
4
8
9
6
4
6
6
4
8
8
2
2
4
8
9
6
6
6
2
6
6
4
4
2
2
8
2
6
2
8
2
9
6
2
9
6
4
9
7
6
2
4
6
2
4
9
9
2
6
4
9
6
2
6
6
7
9
9
9
7
9
9
7
9
9
7
9
7
7
9
7
7
7
7
9
7
9
9
7
7
9
9
9
7
7
9
7
7
9
7
7
7
9
9
7
7
9
9
7
7
7
9
7
7
9
9
7
7
9
7
7
7
7
9
7
7
7
9
7
1
5
10
2
2
3
6
5
2
8
6
8
2
3
2
8
2
1
3
6
2
8
5
3
6
8
4
3
4
5
4
3
3
2
3
6
5
2
6
6
8
3
2
8
2
1
6
4
2
1
6
1
10
1
2
1
3
2
6
2
4
6
2
4
6
4
6
4
2
8
2
8
2
6
4
2
4
2
2
6
2
4
8
4
6
4
2
8
4
2
4
4
4
8
4
6
2
4
8
4
6
4
6
9
9
4
6
6
4
6
9
9
8
9
9
9
7
9
7
7
7
9
9
7
9
7
9
7
9
7
9
9
7
9
7
9
9
9
9
9
7
7
9
7
9
