1
10
3
3
5
6
6
8
4
10
2
3
4
2
7
2
1
4
4
7
5
6
6
9
5
2
1
5
7
2
7
9
5
2
2
3
5
9
8
7
1
2
7
9
8
6
6
2
2
6
5
7
8
2
7
5
9
7
2
8
8
7
7
9
9
9
9
7
9
6
7
6
8
7
2
8
8
9
9
9
9
6
7
9
9
8
2
9
9
6
7
9
8
9
2
9
9
2
7
9
9
2
7
9
8
6
7
7
9
2
9
9
7
2
7
7
8
6
6
2
9
9
9
2
2
7
6
9
9
9
9
7
9
7
7
7
9
9
7
9
9
9
7
9
7
7
9
9
9
7
2
9
9
9
7
7
7
2
7
7
9
9
2
2
9
2
7
2
9
2
9
7
2
9
7
9
9
7
7
2
9
7
2
9
9
9
2
7
9
7
7
2
7
7
7
9
9
9
7
9
9
7
9
9
7
9
7
7
9
7
7
7
7
9
7
9
9
7
7
9
9
9
7
7
9
7
7
9
7
7
7
9
9
7
7
9
9
7
7
7
9
7
7
9
9
7
7
9
7
7
7
7
9
7
7
7
9
7
1
5
10
2
2
4
6
5
2
8
6
8
2
4
2
8
2
1
3
6
2
5
4
4
6
8
4
4
4
5
4
4
4
2
4
6
5
2
6
6
8
4
2
8
2
8
6
4
2
8
6
1
10
8
2
8
4
2
6
2
4
6
2
4
6
4
6
4
2
8
2
8
2
6
4
2
4
2
2
6
2
4
8
4
6
4
2
8
4
2
4
4
4
8
4
6
2
4
8
4
6
4
6
9
9
9
6
6
4
7
9
9
9
9
9
9
7
9
7
7
7
9
9
7
9
7
9
7
9
7
9
9
7
9
7
9
9
9
9
9
7
7
9
7
9
