1
2
3
4
5
6
7
8
9
10
11
12
13
14
15
16
17
18
19
20
21
22
23
24
25
26
27
28
29
30
31
32
33
34
35
36
37
38
39
40
41
42
43
44
45
46
47
48
49
50
8
31
41
9
29
17
9
29
9
17
42
25
44
17
40
39
9
50
25
9
36
47
42
14
35
4
2
14
16
14
23
45
42
5
36
22
6
23
39
17
17
14
35
9
22
45
33
6
17
40
21
25
23
16
41
19
42
13
9
9
1
42
21
1
14
6
20
23
2
29
23
8
16
23
8
43
29
25
21
9
32
50
31
36
32
37
31
9
39
30
29
23
9
17
16
29
41
47
10
9
47
37
7
39
45
23
39
39
6
29
33
41
23
50
25
38
12
41
2
43
23
28
37
39
35
4
9
45
13
33
39
17
35
36
29
47
36
37
4
19
35
2
13
17
25
45
9
17
22
31
25
16
33
8
9
6
31
9
8
36
25
17
25
36
33
35
50
14
22
47
40
6
4
9
14
31
43
3
12
35
9
30
42
42
30
2
23
41
42
22
36
14
29
18
7
12
9
10
40
14
23
16
42
6
23
35
6
41
39
6
6
43
25
15
16
2
40
9
41
45
41
4
18
23
12
37
27
21
42
2
26
17
6
10
2
9
33
39
17
39
39
39
23
20
26
23
10
37
47
8
9
13
9
36
33
14
39
14
50
9
9
4
8
9
50
39
41
30
17
16
23
23
11
6
40
17
14
27
14
22
9
9
30
33
30
29
34
35
6
35
4
50
36
17
4
25
23
29
23
48
40
41
24
44
35
31
14
9
10
25
48
13
23
30
31
39
23
31
13
30
2
14
9
31
31
13
15
16
28
17
39
4
42
9
20
10
29
17
5
3
23
16
14
39
31
10
23
47
6
48
23
9
10
45
23
14
25
9
23
4
39
41
50
39
41
39
43
6
9
6
39
43
6
6
42
50
34
50
23
40
39
24
3
23
27
47
9
37
9
47
19
39
13
21
40
50
7
43
19
39
31
14
5
23
50
40
8
20
17
29
9
43
12
13
48
20
39
23
23
42
44
4
39
43
41
33
4
8
9
23
42
45
35
22
8
39
19
48
7
10
1
12
14
39
48
39
4
9
22
14
41
18
2
16
9
29
4
23
33
23
50
12
25
8
16
30
35
25
20
45
30
35
37
32
39
24
48
33
21
39
14
25
42
42
40
14
20
13
25
45
43
6
25
41
42
15
11
6
25
25
2
14
3
4
17
17
42
14
23
39
36
36
14
9
45
35
23
24
5
31
41
35
4
15
16
13
39
29
5
43
3
47
31
17
36
31
13
33
23
33
41
22
28
9
50
9
36
42
9
45
20
4
1
39
27
35
42
50
29
29
39
23
30
13
18
24
50
40
6
4
2
19
9
31
31
9
23
35
34
16
42
42
39
4
14
10
16
45
45
14
9
3
35
20
16
14
27
24
43
24
4
14
9
2
16
34
40
45
50
10
40
35
41
13
4
24
41
7
36
31
24
12
9
12
17
10
8
25
24
12
14
42
6
13
2
23
22
26
9
4
40
10
17
33
40
12
31
50
18
1
3
16
10
39
9
4
2
2
22
6
40
6
33
8
9
5
14
9
45
40
24
41
25
38
39
4
44
13
12
10
42
11
14
6
23
23
17
39
17
25
2
8
4
6
11
9
30
11
10
35
17
39
12
41
11
32
32
9
8
2
2
41
31
45
41
25
14
39
9
1
23
23
48
29
39
13
34
41
48
4
2
23
47
44
42
20
14
3
17
50
9
23
2
4
1
9
14
22
36
39
29
11
27
39
39
13
14
42
33
8
4
9
39
31
41
33
44
9
44
27
42
8
13
22
11
25
14
40
48
10
2
27
22
34
35
8
17
29
14
3
39
23
41
6
6
39
22
3
24
23
39
12
24
7
2
17
39
23
25
9
9
10
43
14
14
25
14
13
17
22
16
33
39
39
9
9
34
27
45
27
17
39
23
33
9
25
14
24
29
25
40
4
23
9
39
34
17
48
25
2
40
39
30
36
19
34
39
27
25
39
32
42
47
29
50
30
6
22
1
37
22
25
23
1
50
32
23
1
42
50
17
9
9
39
3
40
42
24
45
14
10
3
39
24
18
25
1
25
23
39
30
33
9
45
43
29
21
45
17
5
13
41
50
8
4
16
39
16
38
16
23
16
42
36
8
8
32
39
31
41
43
43
36
9
17
22
14
32
36
6
2
23
23
16
14
46
2
35
39
1
3
14
14
29
6
23
42
13
45
34
22
20
23
9
24
13
35
18
10
50
23
10
39
12
39
33
9
12
12
14
48
4
47
16
14
4
45
2
16
39
13
44
4
4
16
21
14
22
16
30
13
42
10
24
23
24
41
21
38
31
42
32
8
22
24
9
45
17
6
40
25
25
45
9
41
2
4
37
50
2
41
31
9
20
25
17
36
34
23
2
40
23
22
10
13
42
23
4
8
42
37
14
6
14
39
23
37
7
36
45
39
7
45
14
36
39
39
30
6
36
42
32
1
18
31
42
23
22
6
35
11
34
22
6
9
36
27
39
31
43
48
30
27
42
5
43
39
6
42
42
36
34
45
37
8
29
3
32
16
2
27
13
11
23
14
23
39
40
8
41
25
29
30
4
34
42
23
45
23
33
9
6
2
2
50
50
1
35
1
29
48
9
42
25
36
41
36
3
42
29
34
17
17
16
17
18
48
21
31
25
9
39
39
8
23
50
23
17
18
36
9
29
18
14
12
39
9
36
23
50
9
9
42
14
17
13
35
18
25
10
23
20
8
39
29
29
39
24
17
24
16
43
8
6
24
1
23
14
41
42
48
40
34
48
9
30
43
41
17
2
23
14
1
3
39
9
1
16
6
40
9
43
27
50
41
34
21
9
22
31
30
14
21
17
25
30
35
10
24
24
45
23
42
23
20
41
29
13
10
23
39
20
31
12
23
19
29
14
2
36
20
20
18
22
23
13
8
27
39
40
39
18
30
2
50
8
16
43
30
22
2
42
14
23
35
4
23
44
9
4
16
23
9
17
9
48
29
33
37
18
16
3
6
41
30
9
50
24
23
39
4
43
18
23
29
41
25
39
36
25
14
8
20
34
50
10
22
9
14
14
35
42
23
45
1
19
32
33
35
40
25
35
9
40
13
22
2
39
8
18
50
8
48
14
9
13
45
24
8
23
8
45
10
2
20
40
13
42
14
30
41
48
13
9
9
6
31
29
25
28
42
9
14
41
23
9
40
23
39
17
6
2
25
14
25
44
14
35
14
40
40
8
9
18
29
8
23
13
34
9
33
17
20
43
31
24
34
50
14
31
13
8
47
2
25
4
47
13
41
14
6
39
17
31
40
2
24
50
6
48
43
1
1
43
45
14
39
24
42
13
15
50
31
6
40
33
40
23
13
25
42
25
14
16
9
39
37
4
41
20
39
9
16
9
40
9
31
41
40
34
33
17
14
20
30
25
4
37
16
10
44
6
16
6
32
8
1
19
39
40
35
9
39
6
27
19
50
45
11
24
14
4
21
13
45
8
2
43
45
23
9
6
9
2
48
39
6
39
9
9
31
44
39
23
39
43
18
25
44
37
14
19
32
25
25
31
29
41
23
2
21
2
13
40
27
30
45
13
6
25
44
18
17
10
47
20
50
50
34
20
32
25
9
15
42
34
31
17
8
22
2
9
35
47
33
33
42
24
34
48
17
19
14
21
2
23
23
48
39
39
25
27
47
39
39
9
23
34
40
48
17
42
31
6
24
25
23
42
42
17
24
25
50
39
4
22
1
13
28
22
25
2
19
6
25
17
2
42
12
37
30
2
14
6
23
41
9
20
9
19
35
47
39
16
45
22
4
41
4
14
42
9
41
14
27
32
45
10
38
8
14
11
34
10
21
45
16
1
36
45
1
16
20
20
36
4
8
25
42
35
9
26
12
8
25
15
6
40
30
27
9
9
34
12
42
4
21
50
31
48
30
16
10
50
31
27
29
45
9
41
9
43
35
2
14
10
15
1
38
37
4
47
39
20
9
18
17
17
39
9
8
31
1
8
9
32
16
33
43
37
19
6
25
32
14
23
33
4
27
35
29
14
25
33
35
38
39
2
9
13
27
14
33
29
43
8
24
16
31
37
14
30
1
44
2
43
30
29
30
9
9
29
50
29
13
6
41
23
25
17
9
14
45
29
37
46
37
17
29
34
42
42
39
9
30
26
40
31
34
9
37
3
32
20
13
17
21
23
39
39
44
43
25
3
21
23
4
9
4
2
34
41
4
41
34
21
19
40
34
39
17
20
39
14
38
48
49
48
8
36
40
34
39
4
29
3
17
11
50
40
50
9
32
36
40
3
4
21
29
22
10
42
30
35
1
2
25
45
27
42
10
43
35
41
4
24
8
38
44
12
29
35
3
30
33
4
14
35
24
48
6
50
14
4
6
23
6
31
41
24
40
42
3
14
50
23
30
14
31
34
23
50
43
9
44
35
21
4
39
9
9
17
39
19
34
36
25
6
1
8
33
37
17
43
37
3
8
9
39
14
4
37
16
45
2
