1
2
3
4
5
6
7
8
9
10
11
12
13
14
15
16
17
18
19
20
21
22
23
24
25
26
27
28
29
30
31
32
33
34
35
36
37
38
39
40
41
42
43
44
45
46
47
48
49
50
51
52
53
54
55
56
57
58
59
60
61
62
63
64
65
66
67
68
69
70
71
72
73
74
75
76
77
78
79
80
81
82
83
84
85
86
87
88
89
90
91
92
93
94
95
96
97
98
99
100
21
25
70
16
53
77
61
13
67
100
1
61
21
1
80
98
20
81
2
29
23
8
16
65
66
43
29
25
21
67
32
50
52
36
83
37
31
54
39
30
29
23
67
64
53
58
41
47
10
9
47
37
7
39
96
65
66
66
98
29
33
41
65
68
69
38
12
53
2
69
65
28
37
66
75
33
70
96
13
97
89
64
93
71
29
35
85
37
76
19
75
2
13
99
69
96
70
60
22
31
69
53
33
8
100
98
52
67
8
85
62
91
69
36
97
93
50
74
86
72
65
98
76
67
92
31
43
3
12
93
57
30
61
73
30
2
95
41
61
95
36
80
58
18
7
25
67
10
40
92
81
53
83
98
65
75
87
41
89
98
6
43
69
15
53
81
40
57
41
96
53
97
18
65
25
37
27
21
73
77
26
91
6
10
81
57
97
66
91
89
66
89
65
20
26
65
10
37
35
8
9
13
9
36
33
14
39
76
50
67
67
97
96
59
50
77
53
30
99
79
81
81
11
6
40
56
74
27
14
95
94
70
17
33
30
29
34
93
6
93
76
50
71
91
4
62
65
29
88
56
40
53
52
63
75
36
85
70
10
69
48
13
65
30
31
66
23
52
13
30
2
80
100
31
31
13
15
16
28
17
66
97
61
67
20
10
58
17
84
83
95
16
92
39
52
10
65
47
6
48
23
67
10
96
81
85
69
9
23
4
89
53
50
39
41
39
43
98
67
98
39
43
98
6
61
50
14
50
65
70
66
38
3
23
27
72
57
37
57
72
77
89
13
21
40
50
7
95
19
89
31
85
84
81
50
70
96
20
17
29
100
43
25
13
56
20
66
65
23
73
63
76
39
43
53
97
4
96
67
65
73
96
93
22
8
39
77
48
7
24
1
12
80
39
48
66
76
70
95
85
41
18
66
79
59
29
97
65
97
23
50
12
69
8
16
30
93
69
20
96
30
35
37
83
66
24
48
33
21
77
74
69
73
83
40
76
20
13
62
96
43
87
62
41
42
15
11
98
69
69
81
85
3
4
99
64
83
76
65
39
36
36
92
100
96
93
65
24
84
31
53
93
76
15
16
13
39
58
5
43
3
35
52
60
71
31
13
97
95
97
41
95
28
9
50
70
71
83
67
45
20
76
1
39
27
75
83
50
29
29
66
23
30
13
18
24
50
70
6
97
2
77
94
31
31
57
88
75
14
53
73
83
89
76
85
10
79
96
96
76
67
3
93
20
53
80
36
24
43
24
76
85
67
81
16
92
100
82
68
24
40
75
53
13
4
24
41
7
71
36
24
25
59
12
60
24
8
69
24
12
74
42
6
13
77
88
22
26
57
97
40
10
17
97
40
12
36
68
18
98
83
79
10
89
70
76
77
2
22
98
40
98
97
8
57
84
85
9
96
40
24
53
69
38
66
4
63
13
25
10
83
11
92
98
81
81
17
77
64
62
81
66
76
98
11
57
17
11
10
93
17
66
25
41
11
83
32
57
96
81
77
41
52
96
41
62
85
89
9
98
23
81
56
29
66
13
14
41
48
4
2
65
35
44
61
20
92
3
91
50
67
81
81
76
1
100
85
86
36
66
29
11
36
39
39
13
80
73
97
8
76
100
77
31
41
97
44
94
63
36
61
96
50
86
11
69
92
40
48
10
66
27
22
78
75
8
17
29
92
3
89
65
41
87
87
66
22
3
24
81
39
25
24
7
2
17
89
65
62
54
57
10
43
92
80
69
74
13
91
22
16
97
66
89
67
67
4
36
82
36
17
77
81
33
57
62
74
24
29
62
40
97
81
100
66
14
91
48
69
77
40
89
30
36
19
4
66
27
69
89
32
73
35
29
50
17
6
22
93
37
95
62
81
98
50
32
81
1
42
50
91
9
54
77
3
100
61
24
96
92
10
83
39
24
18
69
1
69
65
77
30
97
57
96
43
29
21
96
56
84
13
41
50
51
4
53
89
79
38
16
65
16
83
71
8
51
32
77
31
41
62
95
36
70
60
22
80
83
71
6
81
23
23
16
92
34
81
75
77
93
83
92
85
29
98
65
73
13
82
14
86
20
23
94
24
50
93
18
24
50
65
10
77
12
89
97
57
25
25
85
56
76
47
16
92
76
96
2
79
39
12
44
4
76
16
21
85
22
16
17
50
42
10
24
65
24
53
21
38
52
61
32
66
22
24
67
82
60
6
40
62
69
96
67
41
81
76
37
50
66
53
31
67
20
62
56
36
33
65
2
70
65
22
24
13
73
65
76
8
61
37
74
87
92
39
81
37
7
71
45
89
7
96
92
36
66
89
30
6
36
73
83
98
18
31
61
81
22
98
75
11
14
22
6
57
36
36
66
31
43
48
30
36
73
84
95
66
98
42
61
36
14
45
37
8
29
3
32
53
2
36
13
11
65
85
65
39
40
8
41
69
29
30
76
78
73
65
96
81
97
57
6
81
81
50
50
1
75
1
58
48
67
61
69
71
41
36
3
73
58
4
60
90
53
64
18
48
21
52
69
100
77
89
51
65
50
23
91
18
36
57
58
18
74
25
39
57
71
23
50
100
59
83
80
99
43
75
18
62
10
65
20
8
39
58
29
89
24
99
24
53
95
8
98
24
98
81
85
41
73
48
40
33
48
100
17
43
41
56
81
23
80
98
3
66
9
1
16
98
40
70
43
27
68
41
34
21
57
22
31
30
74
21
64
69
30
75
24
52
24
82
81
61
81
20
41
29
12
24
65
89
20
31
25
88
19
58
92
81
71
20
20
18
22
81
50
8
36
66
100
66
18
30
2
50
51
53
43
30
22
81
73
80
88
75
76
65
63
70
97
16
65
57
90
100
48
58
97
37
18
53
3
98
41
17
59
22
24
23
77
97
62
18
65
58
41
62
39
71
69
85
8
20
4
50
10
22
57
85
80
93
61
65
96
93
19
32
33
75
40
62
93
70
100
13
22
2
39
51
18
50
8
56
92
100
43
96
24
51
65
51
96
10
2
20
100
50
61
85
30
41
48
13
70
70
87
31
58
62
28
73
54
92
41
23
100
40
95
66
56
98
2
62
92
69
63
80
93
80
81
40
8
9
18
29
51
65
43
33
9
97
56
20
62
31
24
33
50
92
31
13
96
47
2
69
76
72
13
53
74
98
89
17
31
70
81
24
50
98
48
43
98
1
43
96
80
89
24
42
13
78
22
31
98
81
97
40
23
13
62
42
69
74
53
100
77
37
85
53
20
66
59
79
57
81
9
31
41
81
4
97
64
80
20
30
62
97
37
16
24
44
87
16
98
32
96
1
77
39
70
35
70
66
98
27
77
22
82
11
24
74
76
21
13
45
51
2
95
45
23
67
98
70
81
48
66
6
66
57
70
31
63
89
23
39
43
18
62
44
37
92
19
32
62
69
31
29
41
95
2
21
81
43
40
27
30
96
50
87
62
89
18
60
10
72
73
50
22
14
20
32
69
67
78
42
4
31
91
8
86
2
9
93
35
33
97
83
52
4
48
91
19
85
21
2
65
65
56
66
89
62
27
47
39
66
54
23
4
81
48
56
42
31
98
24
69
23
83
83
17
52
69
50
66
76
86
1
13
28
22
62
2
19
98
69
60
81
61
25
37
17
2
74
87
65
41
57
73
67
77
75
47
77
53
82
86
97
41
76
92
61
70
41
92
27
83
45
10
38
96
92
11
14
24
21
96
16
1
71
82
98
16
20
20
36
76
8
62
61
75
54
26
25
51
62
15
98
81
30
27
57
94
4
25
61
76
21
50
31
56
30
53
10
68
31
36
55
82
57
41
67
12
75
2
85
10
15
98
38
37
85
35
66
73
94
18
56
17
77
57
8
31
1
8
67
83
16
97
12
37
77
98
69
32
80
23
97
85
27
75
29
92
69
97
93
38
77
81
67
13
27
85
97
29
43
96
52
16
31
37
80
30
98
89
81
43
30
29
30
94
57
58
68
58
13
6
53
88
69
56
100
80
96
58
37
34
37
90
58
14
61
61
66
70
30
26
40
31
4
94
37
83
83
20
12
60
21
65
66
66
63
43
69
3
21
65
76
67
76
81
14
41
76
53
33
21
19
81
33
39
91
20
66
85
38
48
46
48
8
71
81
33
66
85
58
3
99
11
50
40
50
57
32
71
100
83
76
21
55
86
10
73
17
93
93
2
69
45
36
61
10
43
75
41
76
38
51
38
63
25
58
35
3
30
97
76
85
93
38
48
6
50
80
76
87
23
87
52
53
24
100
73
83
92
68
23
17
92
31
33
65
50
95
70
63
35
21
85
39
70
57
64
66
6
14
71
62
6
1
8
33
37
99
95
37
3
51
70
89
92
76
37
53
45
81
