1
1
3
4
5
6
7
9
9
10
11
11
13
14
15
15
17
18
18
18
20
20
20
20
20
20
20
20
20
20
20
20
20
20
20
20
20
20
20
20
1
2
3
4
5
6
7
8
9
10
11
12
13
14
15
16
17
18
19
19
19
19
19
20
20
20
20
20
20
20
20
20
20
20
20
20
20
20
20
20
2
2
2
4
5
6
7
8
9
10
11
12
13
14
15
16
17
18
19
19
19
19
19
19
19
20
20
20
20
20
20
20
20
20
20
20
20
20
20
20
2
2
2
2
2
6
6
8
8
10
10
12
13
14
15
16
17
18
19
19
19
19
19
19
19
19
20
20
20
20
20
20
20
20
20
20
20
20
20
20
2
2
2
2
2
2
2
8
8
8
10
12
12
14
14
16
16
19
19
19
19
19
19
19
19
19
19
20
20
20
20
20
20
20
20
20
20
20
20
20
2
2
2
2
2
2
2
2
8
8
8
12
12
12
12
16
16
19
19
19
19
19
19
19
19
19
19
19
20
20
20
20
20
20
20
20
20
20
20
20
2
2
2
2
2
2
2
2
2
2
12
12
12
12
12
12
12
19
19
19
19
19
19
19
19
19
19
19
20
20
20
20
20
20
20
20
20
20
20
20
2
2
2
2
2
2
2
2
2
2
2
12
12
12
12
12
12
19
19
19
19
19
19
19
19
19
19
19
19
20
20
20
20
20
20
20
20
20
20
20
2
2
2
2
2
2
2
2
2
2
2
12
12
12
12
12
12
12
19
19
19
19
19
19
19
19
19
19
19
20
20
20
20
20
20
20
20
20
20
20
2
2
2
2
2
2
2
2
2
2
2
2
12
12
12
12
12
12
19
19
19
19
19
19
19
19
19
19
19
20
20
20
20
20
20
20
20
20
20
20
2
2
2
2
2
2
2
2
2
2
2
2
12
12
12
12
12
12
12
19
19
19
19
19
19
19
19
19
19
19
20
20
20
20
20
20
20
20
20
20
2
2
2
2
2
2
2
2
2
2
2
2
12
12
12
12
12
12
12
19
19
19
19
19
19
19
19
19
19
19
20
20
20
20
20
20
20
20
20
20
2
2
2
2
2
2
2
2
2
2
2
2
2
12
12
12
12
12
12
12
19
19
19
19
19
19
19
19
19
19
20
20
20
20
20
20
20
20
20
20
2
2
2
2
2
2
2
2
2
2
2
2
2
12
12
12
12
12
12
12
19
19
19
19
19
19
19
19
19
19
19
20
20
20
20
20
20
20
20
20
2
2
2
2
2
2
2
2
2
2
2
2
2
12
12
12
12
12
12
12
12
19
19
19
19
19
19
19
19
19
19
20
20
20
20
20
20
20
20
20
2
2
2
2
2
2
2
2
2
2
2
2
2
12
12
12
12
12
12
12
12
19
19
19
19
19
19
19
19
19
19
20
20
20
20
20
20
20
20
20
2
2
2
2
2
2
2
2
2
2
2
2
2
12
12
12
12
12
12
12
12
12
19
19
19
19
19
19
19
19
19
20
20
20
20
20
20
20
20
20
2
2
2
2
2
2
2
2
2
2
2
2
2
12
12
12
12
12
12
12
12
12
19
19
19
19
19
19
19
19
19
19
20
20
20
20
20
20
20
20
2
2
2
2
2
2
2
2
2
2
2
2
2
12
12
12
12
12
12
12
12
12
12
19
19
19
19
19
19
19
19
19
20
20
20
20
20
20
20
20
2
2
2
2
2
2
2
2
2
2
2
2
2
12
12
12
12
12
12
12
12
12
12
19
19
19
19
19
19
19
19
19
20
20
20
20
20
20
20
20
2
2
2
2
2
2
2
2
2
2
2
2
2
12
12
12
12
12
12
12
12
12
12
12
19
19
19
19
19
19
19
19
19
20
20
20
20
20
20
20
2
2
2
2
2
2
2
2
2
2
2
2
2
2
12
12
12
12
12
12
12
12
12
12
19
19
19
19
19
19
19
19
19
20
20
20
20
20
20
20
2
2
2
2
2
2
2
2
2
2
2
2
2
2
12
12
12
12
12
12
12
12
12
12
19
19
19
19
19
19
19
19
19
20
20
20
20
20
20
20
2
2
2
2
2
2
2
2
2
2
2
2
2
2
12
12
12
12
12
12
12
12
12
12
19
19
19
19
19
19
19
19
19
20
20
20
20
20
20
20
2
2
2
2
2
2
2
2
2
2
2
2
2
2
12
12
12
12
12
12
12
12
12
12
19
19
19
19
19
19
19
19
19
20
20
20
20
20
20
20
