1
2
3
4
5
6
7
8
9
10
11
12
13
14
15
16
17
18
19
20
21
22
23
24
25
26
27
28
29
30
31
32
33
34
35
36
37
38
39
40
41
42
43
44
45
46
47
48
49
50
51
52
53
54
55
56
57
58
59
60
61
62
63
64
65
26
67
28
69
30
71
72
73
34
75
76
78
78
79
80
82
82
83
84
85
86
86
88
89
50
91
92
93
54
95
96
97
98
99
60
100
62
63
64
65
66
67
68
69
70
71
72
73
74
75
76
77
78
79
80
81
81
83
84
85
86
87
88
89
90
91
92
93
94
95
96
97
98
99
100
100
100
63
64
65
66
67
68
69
70
71
72
73
74
75
77
77
77
79
79
81
81
81
81
85
85
87
87
89
90
90
92
92
94
94
96
97
98
99
100
100
100
100
64
64
66
66
68
68
70
70
72
72
74
74
77
77
77
77
77
81
81
81
81
81
81
87
87
87
90
90
90
92
94
94
94
97
97
100
100
100
100
100
100
100
66
66
66
68
70
70
70
72
74
77
77
77
77
77
77
81
81
81
81
81
81
81
81
90
90
90
90
90
94
94
94
94
100
100
100
100
100
100
100
100
100
66
66
66
70
70
70
70
77
77
77
77
77
77
77
81
81
81
81
81
81
81
81
81
90
90
90
90
90
94
94
94
100
100
100
100
100
100
100
100
100
100
100
70
70
70
70
70
77
77
77
77
77
77
77
81
81
81
81
81
81
81
81
81
81
90
90
90
90
90
90
100
100
100
100
100
100
100
100
100
100
100
100
100
70
70
70
70
77
77
77
77
77
77
77
81
81
81
81
81
81
81
81
81
81
81
90
90
90
90
90
90
100
100
100
100
100
100
100
100
100
100
100
100
100
70
70
77
77
77
77
77
77
77
77
81
81
81
81
81
81
81
81
81
81
81
90
90
90
90
90
90
90
100
100
100
100
100
100
100
100
100
100
100
100
100
77
77
77
77
77
77
77
77
77
81
81
81
81
81
81
81
81
81
81
81
81
90
90
90
90
90
90
90
100
100
100
100
100
100
100
100
100
100
100
100
77
77
77
77
77
77
77
77
77
81
81
81
81
81
81
81
81
81
81
81
81
90
90
90
90
90
90
90
100
100
100
100
100
100
100
100
100
100
100
100
77
77
77
77
77
77
77
77
77
81
81
81
81
81
81
81
81
81
81
81
81
90
90
90
90
90
90
90
90
100
100
100
100
100
100
100
100
100
100
100
77
77
77
77
77
77
77
77
77
81
81
81
81
81
81
81
81
81
81
81
81
90
90
90
90
90
90
90
90
90
100
100
100
100
100
100
100
100
100
100
77
77
77
77
77
77
77
77
77
81
81
81
81
81
81
81
81
81
81
81
81
90
90
90
90
90
90
90
90
90
100
100
100
100
100
100
100
100
100
100
100
77
77
77
77
77
77
77
77
81
81
81
81
81
81
81
81
81
81
81
81
90
90
90
90
90
90
90
90
90
90
100
100
100
100
100
100
100
100
100
100
77
77
77
77
77
77
77
77
81
81
81
81
81
81
81
81
81
81
81
81
81
90
90
90
90
90
90
90
90
90
100
100
100
100
100
100
100
100
100
100
77
77
77
77
77
77
77
77
81
81
81
81
81
81
81
81
81
81
81
81
81
90
90
90
90
90
90
90
90
90
90
100
100
100
100
100
100
100
100
100
77
77
77
77
77
77
77
77
81
81
81
81
81
81
81
81
81
81
81
81
81
90
90
90
90
90
90
90
90
90
90
100
100
100
100
100
100
100
100
100
100
77
77
77
77
77
77
77
81
81
81
81
81
81
81
81
81
81
81
81
81
90
90
90
90
90
90
90
90
90
90
90
100
100
100
100
100
100
100
100
100
77
77
77
77
77
77
77
81
81
81
81
81
81
81
81
81
81
81
81
81
90
90
90
90
90
90
90
90
90
90
90
100
100
100
100
100
100
100
100
100
100
77
77
77
77
77
77
81
81
81
81
81
81
81
81
81
81
81
81
81
81
90
90
90
90
90
90
90
90
90
90
100
100
100
100
100
100
100
100
100
100
77
77
77
77
77
77
81
81
81
81
81
81
81
81
81
81
81
81
81
81
90
90
90
90
90
90
90
90
90
90
100
100
100
100
100
100
100
100
100
100
77
77
77
77
77
77
81
81
81
81
81
81
81
81
81
81
81
81
81
81
90
90
90
90
90
90
90
90
90
90
100
100
100
100
100
100
100
100
100
100
77
77
77
77
77
77
