1
2
3
4
5
6
7
8
9
10
11
12
13
14
15
15
17
18
19
21
21
22
23
25
25
26
27
28
29
31
31
33
33
34
35
36
37
39
39
40
41
41
43
44
45
46
47
48
49
10
11
12
13
14
15
16
17
18
19
20
21
22
23
24
25
26
27
28
29
30
31
32
33
34
35
36
37
38
39
40
41
42
43
44
45
46
47
48
49
50
50
12
13
14
15
16
17
18
19
20
21
22
23
24
25
26
27
28
29
30
31
32
33
34
35
36
37
38
38
40
42
42
42
42
45
46
47
48
49
50
50
50
13
14
15
16
17
18
19
20
20
22
23
24
24
26
27
28
29
30
30
32
32
34
35
36
38
38
38
38
42
42
42
42
42
42
47
47
50
50
50
50
50
14
14
16
16
18
18
20
20
20
24
24
24
24
24
28
28
30
30
32
32
32
35
38
38
38
38
38
42
42
42
42
42
42
42
42
50
50
50
50
50
50
50
16
16
16
20
20
20
20
24
24
24
24
24
24
24
30
30
32
32
32
38
38
38
38
38
38
42
42
42
42
42
42
42
42
50
50
50
50
50
50
50
50
50
20
20
20
20
20
24
24
24
24
24
24
24
24
32
32
32
32
38
38
38
38
38
38
42
42
42
42
42
42
42
42
42
50
50
50
50
50
50
50
50
50
20
20
20
20
24
24
24
24
24
24
24
24
24
24
32
38
38
38
38
38
38
38
42
42
42
42
42
42
42
42
42
50
50
50
50
50
50
50
50
50
50
20
20
20
24
24
24
24
24
24
24
24
24
24
24
38
38
38
38
38
38
38
42
42
42
42
42
42
42
42
42
42
50
50
50
50
50
50
50
50
50
50
50
24
24
24
24
24
24
24
24
24
24
24
24
38
38
38
38
38
38
38
42
42
42
42
42
42
42
42
42
42
50
50
50
50
50
50
50
50
50
50
50
24
24
24
24
24
24
24
24
24
24
24
24
38
38
38
38
38
38
38
42
42
42
42
42
42
42
42
42
42
42
50
50
50
50
50
50
50
50
50
50
50
24
24
24
24
24
24
24
24
24
24
24
38
38
38
38
38
38
38
42
42
42
42
42
42
42
42
42
42
42
50
50
50
50
50
50
50
50
50
50
50
24
24
24
24
24
24
24
24
24
24
24
38
38
38
38
38
38
38
42
42
42
42
42
42
42
42
42
42
42
42
50
50
50
50
50
50
50
50
50
50
50
24
24
24
24
24
24
24
24
24
24
24
38
38
38
38
38
38
42
42
42
42
42
42
42
42
42
42
42
42
50
50
50
50
50
50
50
50
50
50
50
24
24
24
24
24
24
24
24
24
24
24
38
38
38
38
38
38
42
42
42
42
42
42
42
42
42
42
42
42
42
50
50
50
50
50
50
50
50
50
50
50
24
24
24
24
24
24
24
24
24
24
24
38
38
38
38
38
42
42
42
42
42
42
42
42
42
42
42
42
42
50
50
50
50
50
50
50
50
50
50
50
24
24
24
24
24
24
24
24
24
24
24
38
38
38
38
38
42
42
42
42
42
42
42
42
42
42
42
42
42
50
50
50
50
50
50
50
50
50
50
50
24
24
24
24
24
24
24
24
24
24
24
24
38
38
38
38
42
42
42
42
42
42
42
42
42
42
42
42
42
50
50
50
50
50
50
50
50
50
50
50
50
24
24
24
24
24
24
24
24
24
24
24
24
24
24
24
42
42
42
42
42
42
42
42
42
42
42
42
42
42
50
50
50
50
50
50
50
50
50
50
50
50
24
24
24
24
24
24
24
24
24
24
24
24
24
24
42
42
42
42
42
42
42
42
42
42
42
42
42
42
50
50
50
50
50
50
50
50
50
50
50
50
50
24
24
24
24
24
24
24
24
24
24
24
24
24
42
42
42
42
42
42
42
42
42
42
42
42
42
42
42
50
50
50
50
50
50
50
50
50
50
50
50
24
24
24
24
24
24
24
24
24
24
24
24
24
42
42
42
42
42
42
42
42
42
42
42
42
42
42
42
50
50
50
50
50
50
50
50
50
50
50
50
50
24
24
24
24
24
24
24
24
24
24
24
24
42
42
42
42
42
42
42
42
42
42
42
42
42
42
42
50
50
50
50
50
50
50
50
50
50
50
50
50
24
24
24
24
24
24
24
24
24
24
24
24
42
42
42
42
42
42
42
42
42
42
42
42
42
42
42
50
50
50
50
50
50
50
50
50
50
50
50
50
24
24
24
24
24
24
24
24
24
24
24
24
