1
2
3
4
5
6
7
8
9
10
11
12
13
14
15
16
17
18
19
20
21
22
23
24
25
26
27
28
29
30
31
32
33
34
35
36
37
38
39
40
41
42
43
44
45
46
47
48
49
50
51
52
53
54
55
56
57
58
59
60
61
62
63
64
65
66
67
68
69
70
71
72
73
74
75
76
77
78
79
80
81
82
83
84
85
86
87
88
89
90
91
92
93
94
95
96
97
98
99
100
4
77
71
21
53
77
36
23
60
39
61
60
94
63
77
5
31
28
79
69
59
87
46
43
71
30
31
23
53
33
34
50
60
78
51
35
6
40
15
17
6
17
67
40
38
80
6
30
59
56
35
78
38
95
5
27
17
57
99
58
35
97
28
3
69
19
61
50
30
5
61
40
57
28
87
86
97
4
39
91
42
5
91
98
77
76
63
18
43
49
14
19
29
96
77
72
62
59
47
71
99
71
99
25
61
58
41
46
42
75
12
78
7
62
31
75
79
77
80
69
97
10
93
7
7
26
44
61
100
47
55
67
60
18
47
34
56
14
21
17
99
21
50
84
75
45
59
93
1
66
61
63
30
22
27
60
92
97
70
75
96
77
18
28
21
68
85
96
82
60
42
35
36
99
68
45
22
36
99
55
47
40
87
55
95
1
34
56
68
15
14
28
78
56
23
96
76
21
89
97
25
33
50
28
26
76
49
24
67
80
92
51
11
44
38
59
37
64
98
17
17
70
76
18
21
35
40
98
77
52
56
77
45
94
96
58
27
47
95
33
96
18
51
37
42
17
42
39
59
34
33
76
66
12
80
63
1
55
94
37
27
72
33
41
95
33
22
56
3
35
37
60
22
59
63
17
95
44
64
71
68
22
49
52
94
63
63
92
74
44
86
22
98
6
1
17
61
13
93
78
97
99
2
2
84
59
2
92
7
55
89
76
42
40
99
68
67
65
18
61
68
49
25
17
71
96
60
55
6
77
52
63
36
58
87
86
2
56
24
17
97
56
40
13
42
27
4
54
97
56
66
1
85
21
35
16
98
96
63
60
65
69
8
9
98
47
76
5
35
74
62
68
87
59
19
72
92
64
38
42
56
9
33
71
46
78
27
45
42
35
45
85
41
9
14
91
52
17
62
45
66
83
30
71
90
79
9
68
85
4
55
29
9
22
22
1
77
3
37
4
74
71
54
18
28
72
6
91
7
32
95
68
13
86
92
94
54
46
26
59
35
38
74
30
17
29
42
13
60
7
35
68
27
7
35
94
11
13
90
6
89
69
35
2
59
74
62
4
30
64
24
63
61
27
41
97
58
70
29
17
1
94
96
79
40
38
31
78
81
22
93
32
36
13
61
30
42
68
100
61
90
60
3
60
83
12
91
23
99
86
63
63
71
77
56
92
19
21
10
17
64
12
99
63
68
15
13
75
16
40
14
98
69
60
87
64
50
70
7
21
12
2
9
5
92
18
94
69
91
18
13
40
35
49
60
66
55
31
43
97
85
1
63
60
31
52
68
9
19
68
91
65
14
41
69
20
51
16
59
86
7
66
31
2
68
61
94
88
27
42
19
51
42
12
35
52
38
62
9
65
67
91
71
48
52
3
12
2
98
15
43
74
11
44
55
32
11
90
61
21
38
18
91
77
54
96
99
61
60
36
93
67
52
33
99
1
100
4
80
83
42
61
68
1
4
38
94
42
47
92
13
60
19
63
1
6
95
78
12
51
33
61
42
27
41
22
3
33
45
21
91
53
7
54
38
31
64
22
21
74
55
74
1
31
64
41
62
60
56
95
50
4
7
60
86
17
29
99
30
27
60
69
3
83
53
62
20
60
21
22
83
3
44
44
60
33
76
27
80
69
92
12
1
47
36
76
1
50
4
44
1
83
66
62
95
94
94
52
92
50
38
92
32
11
79
77
92
44
50
15
95
3
89
89
44
9
50
50
18
48
26
59
35
48
4
87
69
97
64
71
14
72
17
3
85
1
79
97
89
30
68
50
61
42
28
11
51
41
96
56
71
27
51
94
50
42
12
21
42
1
60
84
80
94
1
26
22
92
59
12
75
21
42
30
88
15
33
14
66
60
64
72
42
61
50
95
57
27
39
75
2
94
91
8
3
86
4
3
95
69
25
96
69
10
33
28
69
20
61
92
92
15
61
46
8
75
21
92
39
60
43
74
9
31
61
55
35
9
92
28
88
35
69
23
31
39
30
60
8
50
38
12
74
49
63
17
62
5
12
12
11
6
53
22
84
42
29
1
100
96
