1
2
3
4
5
6
7
8
9
10
11
12
13
14
15
16
17
18
19
20
21
22
23
24
25
26
27
28
29
30
31
32
33
34
35
36
37
38
39
40
41
42
43
44
45
46
47
48
49
50
11
13
16
21
37
42
10
23
17
46
17
2
35
25
8
46
25
5
46
29
35
6
24
41
26
2
49
35
29
47
29
21
34
50
10
33
28
37
41
8
15
14
5
8
18
26
4
19
6
49
4
49
35
21
16
49
36
23
17
39
38
46
21
35
13
5
31
28
29
34
17
28
46
43
35
30
31
23
29
33
34
50
17
35
11
35
6
40
15
17
6
17
46
40
38
47
6
30
17
33
35
28
38
18
5
27
17
10
28
21
35
4
28
3
34
19
17
50
30
5
17
40
6
28
28
14
26
4
39
15
42
5
15
49
49
2
2
18
43
49
14
19
29
3
49
6
2
17
47
6
28
35
28
25
17
21
41
46
42
26
12
35
7
35
31
26
29
49
47
46
4
10
5
7
7
26
44
17
43
47
37
25
46
18
47
34
8
14
21
17
28
21
50
50
26
45
17
5
1
46
17
46
30
22
27
17
18
4
29
26
29
49
39
28
21
27
22
26
19
17
42
35
36
28
5
45
22
36
28
18
47
40
46
37
18
1
34
42
5
15
14
28
35
42
23
29
2
21
41
4
25
33
50
28
26
2
49
24
25
47
14
39
11
44
38
5
37
25
49
17
17
29
34
18
21
35
40
49
49
13
42
49
45
42
26
21
27
47
18
33
29
18
11
37
42
17
42
39
5
34
33
2
25
12
47
34
1
18
8
37
27
6
33
41
18
33
22
8
3
35
37
46
22
27
46
17
18
44
25
35
5
22
49
13
8
34
2
18
46
44
33
22
49
6
1
17
17
13
38
6
4
28
2
2
50
17
2
33
7
18
41
2
42
40
28
12
41
8
18
17
12
49
25
17
35
29
17
37
6
49
13
46
36
21
28
33
2
8
24
17
26
1
40
13
42
27
4
21
4
8
46
1
22
21
35
16
19
3
46
17
8
46
8
9
49
47
2
5
35
46
2
12
28
5
19
6
18
25
38
42
42
9
33
6
46
28
27
45
42
35
45
22
41
9
14
15
11
44
30
45
46
34
30
6
8
4
9
5
22
4
37
50
9
22
22
1
49
3
37
9
41
35
21
18
28
6
6
15
7
32
18
12
13
14
18
21
21
46
26
5
35
38
41
30
17
29
42
13
17
7
35
5
27
7
35
8
11
13
33
6
41
34
35
2
27
41
30
4
30
25
24
35
17
27
41
26
23
20
29
17
1
42
3
29
40
38
31
28
20
22
5
32
36
13
38
30
42
5
43
38
14
46
3
17
34
12
15
23
22
14
46
46
35
49
8
14
19
21
10
17
25
12
22
34
5
15
9
26
16
40
14
13
46
17
25
25
50
29
7
21
12
2
9
5
18
39
8
46
16
11
13
40
35
49
17
46
18
31
43
4
26
1
46
17
31
13
27
9
19
5
15
8
14
41
34
20
9
16
5
33
7
46
31
30
5
17
8
37
27
42
19
11
42
12
35
13
38
30
9
8
25
16
6
48
13
3
12
2
49
15
43
46
11
44
18
37
11
8
38
21
5
11
15
49
21
26
28
38
17
36
38
41
13
33
28
1
43
4
47
34
42
17
5
1
4
38
42
42
47
14
13
17
19
46
1
7
18
35
12
39
33
17
42
27
48
22
3
33
45
21
15
16
7
21
38
31
25
22
21
46
37
41
1
31
25
41
30
17
42
18
50
4
7
17
33
44
16
28
30
27
17
34
3
34
16
2
20
17
21
22
34
3
44
44
46
33
34
27
23
46
33
12
1
47
36
2
1
50
4
44
1
34
46
2
37
8
8
13
33
37
38
33
32
11
4
13
33
44
50
15
18
3
41
41
44
9
50
50
11
48
26
17
35
48
4
46
46
4
25
35
14
6
17
3
22
1
29
26
41
30
5
50
17
42
28
11
9
41
29
8
35
27
39
21
50
42
12
21
42
1
17
50
47
8
1
26
22
18
17
12
26
21
42
30
37
15
33
14
46
41
25
6
42
17
50
18
10
27
39
26
2
42
15
8
3
8
4
3
18
34
25
29
46
10
33
28
34
20
17
18
18
15
17
46
8
26
21
18
32
17
43
41
9
31
38
37
35
9
33
25
37
35
34
23
31
39
30
46
8
50
5
12
46
49
46
17
2
5
12
12
11
7
29
22
20
42
16
1
43
3
