1
2
2
4
5
6
7
7
9
10
10
12
12
14
15
16
17
18
18
9
9
14
15
15
16
26
17
28
29
30
28
29
29
34
30
30
37
38
39
39
41
34
43
37
45
38
47
65
41
50
51
52
53
54
55
56
78
58
58
60
61
62
47
47
65
65
68
68
51
70
71
72
54
55
55
56
77
78
78
80
80
82
82
85
85
62
62
89
89
90
91
91
57
95
95
96
90
98
98
99
92
92
92
57
93
93
48
98
99
99
100
100
92
92
57
93
48
48
88
99
99
92
93
93
84
67
88
88
99
99
99
92
92
93
84
84
67
67
88
92
92
93
93
88
88
100
92
92
92
100
100
92
92
92
92
93
94
94
88
99
100
100
93
93
93
93
94
94
94
94
67
88
88
99
99
93
93
93
93
94
94
94
94
94
84
67
67
100
94
94
94
94
94
94
94
94
84
84
100
100
94
94
94
94
94
94
94
84
67
88
100
100
100
100
100
93
93
94
94
94
94
94
94
94
94
94
94
94
67
67
67
67
67
88
88
88
88
100
100
100
100
100
100
100
93
93
93
93
93
94
94
94
94
94
94
94
94
94
94
94
67
67
67
67
67
88
88
88
88
100
100
100
100
93
93
93
93
93
94
94
94
94
94
94
94
67
67
67
100
100
100
100
100
93
93
94
94
94
94
67
67
88
100
100
100
100
100
100
100
94
94
94
67
67
88
88
100
100
100
100
100
100
100
100
93
93
93
93
94
94
94
94
94
94
94
94
94
67
67
67
67
67
100
100
100
100
100
100
100
100
93
93
93
93
93
93
93
94
94
94
94
94
94
94
94
94
94
94
67
67
67
67
67
67
67
100
100
100
100
100
100
100
100
100
100
100
93
93
93
93
93
93
94
94
94
94
94
94
94
94
94
67
67
67
67
67
67
67
100
100
100
100
100
100
100
100
93
93
93
93
93
94
94
94
94
94
94
94
94
94
94
67
67
67
67
67
67
67
67
67
67
100
100
100
100
100
93
93
93
93
93
94
94
94
94
94
94
94
67
67
67
67
67
100
100
100
100
100
93
93
94
67
67
100
100
93
93
93
94
94
93
93
100
100
67
100
100
67
67
67
93
93
93
93
67
67
93
93
93
93
67
67
100
100
100
100
94
94
67
67
100
100
100
100
94
94
93
93
93
93
93
93
93
93
93
67
67
100
93
93
93
93
93
93
93
93
94
94
67
67
67
100
100
100
93
93
93
93
93
93
93
93
94
94
94
94
67
100
100
100
100
93
93
93
93
93
94
94
100
100
100
100
93
93
93
93
94
94
100
100
100
100
93
94
94
67
100
100
100
100
100
100
93
93
93
94
94
67
67
67
67
67
67
67
100
100
100
100
100
100
100
100
93
93
93
94
94
67
67
67
67
100
100
100
100
100
100
100
93
93
93
93
94
94
94
94
100
100
100
100
100
100
93
93
93
93
93
94
94
94
94
94
94
94
67
67
67
100
100
100
100
100
100
93
93
93
93
94
94
94
94
94
94
94
67
67
67
67
100
100
100
100
100
100
93
93
93
93
94
94
94
94
94
94
94
67
100
100
100
100
100
100
100
93
93
93
94
94
94
94
94
94
67
67
67
67
67
100
100
100
100
100
100
93
93
94
94
94
94
94
94
67
67
100
100
100
94
94
94
94
94
94
94
94
93
93
93
93
93
94
94
94
94
94
67
67
100
100
93
93
93
93
93
93
93
93
93
94
94
94
94
67
67
67
67
67
67
67
67
67
67
100
100
100
100
100
93
93
93
93
94
94
94
94
94
94
94
94
94
94
94
94
94
94
67
67
67
67
67
67
67
100
100
100
100
93
93
93
93
94
94
94
94
94
94
94
94
94
94
67
100
100
100
93
93
93
93
94
94
94
94
93
93
94
94
94
100
100
94
100
93
93
93
93
93
93
94
94
100
100
94
94
94
100
100
100
94
67
67
100
100
100
100
93
93
93
93
67
100
100
100
100
100
100
100
100
100
93
93
93
93
94
94
100
100
100
100
100
94
94
94
94
94
67
67
100
100
100
100
100
100
100
93
93
94
94
94
94
67
100
100
100
100
100
100
100
100
100
93
93
94
100
100
100
100
100
100
100
100
100
100
100
93
93
93
94
94
94
94
100
100
100
100
100
93
93
94
94
67
67
67
67
100
100
100
100
93
93
67
67
67
100
100
100
93
93
93
94
94
100
100
100
93
94
100
100
100
100
93
93
94
94
100
100
100
100
100
100
93
93
93
93
93
94
94
100
100
100
100
100
100
100
100
100
100
93
93
93
94
94
100
100
100
100
93
94
100
100
93
93
100
93
94
94
100
100
93
94
100
100
100
100
100
100
100
94
94
100
100
94
94
94
100
100
