1
2
2
4
5
6
7
7
9
10
10
12
12
14
15
16
17
18
18
9
9
14
15
15
16
26
17
28
32
30
28
32
32
34
30
30
37
46
40
40
41
34
34
37
45
46
47
48
41
41
29
43
43
43
38
38
38
39
39
39
39
39
47
47
48
48
50
50
29
29
43
43
43
38
38
38
38
38
38
39
39
39
39
39
39
39
39
29
29
43
38
38
40
39
39
39
43
43
43
43
38
38
38
38
40
40
48
43
43
43
43
43
38
38
38
38
48
48
50
43
43
38
38
38
39
50
50
50
43
43
43
38
38
38
39
39
50
50
43
38
38
38
38
43
43
43
38
38
38
43
43
38
38
38
38
38
39
39
50
43
43
43
38
38
38
38
39
39
39
39
50
50
50
43
43
38
38
38
38
39
39
39
39
39
39
50
50
43
39
39
39
39
39
39
39
39
39
39
43
43
39
39
39
39
39
39
39
39
50
50
43
43
43
43
43
38
38
39
39
39
39
39
39
39
39
39
39
39
50
50
50
50
50
50
50
50
43
43
43
43
43
43
43
43
38
38
38
38
38
39
39
39
39
39
39
39
39
39
39
39
50
50
50
50
50
50
50
43
43
43
43
43
43
38
38
38
38
38
39
39
39
39
39
39
39
50
50
50
43
43
43
43
43
38
38
39
39
39
39
50
50
50
43
43
43
43
43
43
43
39
39
39
50
50
50
50
43
43
43
43
43
43
43
43
38
38
38
38
39
39
39
39
39
39
39
39
39
50
50
50
50
50
50
43
43
43
43
43
43
43
38
38
38
38
38
38
38
39
39
39
39
39
39
39
39
39
39
39
50
50
50
50
50
50
50
50
50
43
43
43
43
43
43
43
43
43
38
38
38
38
38
38
39
39
39
39
39
39
39
39
39
50
50
50
50
50
50
50
43
43
43
43
43
43
43
43
38
38
38
38
38
39
39
39
39
39
39
39
39
39
39
50
50
50
50
50
50
50
50
50
50
43
43
43
43
43
38
38
38
38
38
39
39
39
39
39
39
39
50
50
50
50
50
43
43
43
43
43
38
38
39
50
50
43
43
38
38
38
39
39
38
38
43
43
50
43
43
50
50
50
38
38
38
38
50
50
38
38
38
38
50
50
43
43
43
43
39
39
50
50
43
43
43
43
39
39
38
38
38
38
38
38
38
38
38
50
50
43
38
38
38
38
38
38
38
38
39
39
50
50
50
43
43
43
38
38
38
38
38
38
38
38
39
39
39
39
50
43
43
43
43
38
38
38
38
38
39
39
43
43
43
43
38
38
38
38
39
39
43
43
43
43
38
39
39
50
43
43
43
43
43
43
38
38
38
39
39
50
50
50
50
50
50
50
43
43
43
43
43
43
43
43
38
38
38
39
39
50
50
50
50
43
43
43
43
43
43
43
38
38
38
38
39
39
39
39
43
43
43
43
43
43
38
38
38
38
38
39
39
39
39
39
39
39
50
50
50
43
43
43
43
43
43
38
38
38
38
39
39
39
39
39
39
39
50
50
50
50
43
43
43
43
43
43
38
38
38
38
39
39
39
39
39
39
39
50
43
43
43
43
43
43
43
38
38
38
39
39
39
39
39
39
50
50
50
50
50
43
43
43
43
43
43
38
38
39
39
39
39
39
39
50
50
43
43
43
39
39
39
39
39
39
39
39
38
38
38
38
38
39
39
39
39
39
50
50
43
43
38
38
38
38
38
38
38
38
38
39
39
39
39
50
50
50
50
50
50
50
50
50
50
43
43
43
43
43
38
38
38
38
39
39
39
39
39
39
39
39
39
39
39
39
39
39
50
50
50
50
50
50
50
43
43
43
43
38
38
38
38
39
39
39
39
39
39
39
39
39
39
50
43
43
43
38
38
38
38
39
39
39
39
38
38
39
39
39
43
43
39
43
38
38
38
38
38
38
39
39
43
43
39
39
39
43
43
43
39
50
50
43
43
43
43
38
38
38
38
50
43
43
43
43
43
43
43
43
43
38
38
38
38
39
39
43
43
43
43
43
39
39
39
39
39
50
50
43
43
43
43
43
43
43
38
38
39
39
39
39
50
43
43
43
43
43
43
43
43
43
38
38
39
43
43
43
43
43
43
43
43
43
43
43
38
38
38
39
39
39
39
43
43
43
43
43
38
38
39
39
50
50
50
50
43
43
43
43
38
38
50
50
50
43
43
43
38
38
38
39
39
43
43
43
38
39
43
43
43
43
38
38
39
39
43
43
43
43
43
43
38
38
38
38
38
39
39
43
43
43
43
43
43
43
43
43
43
38
38
38
39
39
43
43
43
43
38
39
43
43
38
38
43
38
39
39
43
43
38
39
43
43
43
43
43
43
43
39
39
43
43
39
39
39
43
43
