1
2
3
4
2
5
6
2
7
8
5
9
4
10
7
11
5
3
9
11
4
12
12
1
13
9
9
5
6
14
9
15
8
16
16
4
16
11
11
8
13
10
9
17
7
10
9
6
14
4
13
7
7
15
13
5
2
16
7
10
14
4
6
15
11
12
18
19
11
12
12
15
14
8
6
3
15
16
6
19
10
6
5
12
12
6
10
5
11
10
2
7
7
2
12
18
9
7
2
13
7
6
4
18
11
20
17
6
11
7
16
16
13
7
15
11
2
11
11
11
7
13
7
20
10
10
10
14
5
20
7
9
12
4
12
8
16
9
2
15
10
11
10
15
2
3
15
16
16
11
10
2
17
15
3
6
14
4
9
5
12
15
13
10
17
16
13
7
2
9
11
16
21
13
1
14
7
16
6
5
7
21
6
2
20
10
16
13
2
6
9
14
18
7
10
21
9
10
7
3
7
12
19
9
13
8
6
10
13
5
13
10
8
4
15
2
6
13
11
2
3
11
5
19
16
3
13
10
2
4
19
18
7
15
10
6
12
17
11
4
7
12
9
8
2
4
16
2
2
20
13
1
15
21
16
7
9
14
2
9
11
6
11
5
2
5
6
11
7
12
20
19
15
2
8
4
6
2
7
19
15
7
7
6
11
10
12
16
12
3
16
12
16
10
12
12
15
5
15
6
9
7
7
6
10
12
11
6
14
16
16
14
11
11
9
4
20
15
16
6
15
5
5
10
19
9
11
10
14
11
7
15
5
8
12
15
9
1
2
16
2
11
12
3
21
19
11
13
9
12
15
4
9
20
16
4
3
6
10
21
8
20
11
13
2
8
12
13
2
12
1
15
7
8
8
6
2
2
10
2
16
19
9
7
8
10
7
15
11
14
12
10
2
19
15
21
20
15
4
18
9
3
12
20
15
7
6
10
4
12
10
8
13
4
7
7
12
21
9
8
9
1
19
21
6
4
20
12
8
9
7
4
16
9
18
15
7
19
13
16
6
1
7
11
13
13
4
3
12
10
17
20
4
6
10
19
16
16
4
16
2
7
6
3
7
17
12
7
11
11
9
13
13
1
9
7
8
13
9
11
10
6
15
15
11
7
3
18
21
16
2
14
15
10
2
16
7
16
13
7
11
2
3
11
1
10
7
10
7
2
10
19
7
15
19
13
14
10
8
7
18
2
2
4
13
13
2
7
16
13
2
13
11
15
2
5
16
10
5
12
2
2
4
14
17
4
12
2
5
7
9
3
12
11
10
18
16
13
13
17
16
16
6
14
19
16
16
11
5
12
9
12
9
13
8
11
7
16
11
10
13
20
4
14
12
4
9
4
18
14
10
7
11
12
12
12
21
11
9
6
2
9
8
8
7
2
8
5
6
10
13
20
2
16
6
6
18
20
2
9
19
15
6
6
9
3
19
16
16
5
2
5
21
4
10
2
9
2
7
5
14
15
13
17
13
4
9
9
18
10
3
19
12
12
7
19
2
7
16
15
11
10
19
10
15
4
12
7
13
12
8
8
11
14
13
21
14
8
3
17
10
15
15
9
17
7
15
12
19
14
19
15
9
12
7
5
11
14
3
6
15
9
3
8
11
10
12
2
9
7
9
11
4
7
3
20
20
15
7
6
10
12
14
19
7
16
5
10
16
15
9
11
2
16
6
13
9
12
3
4
3
13
2
12
9
10
8
19
9
19
19
11
13
7
2
2
4
15
19
6
9
2
6
3
3
11
4
4
6
14
1
4
2
14
7
16
7
5
5
8
7
10
18
20
9
10
13
12
3
6
21
15
15
13
6
12
3
10
15
15
2
13
20
6
20
9
10
7
6
16
2
19
9
15
19
18
16
15
19
13
14
10
12
16
7
16
12
15
18
8
11
16
