1
2
3
4
2
5
1
2
6
7
5
1
4
1
6
8
5
3
1
8
4
9
9
1
1
1
1
5
1
10
1
2
7
11
11
4
11
8
8
7
1
1
1
12
6
1
1
1
10
4
1
6
6
2
1
5
2
11
6
1
10
4
1
2
8
9
13
14
8
9
9
2
10
7
1
3
2
11
1
14
1
1
5
9
9
1
1
5
8
1
2
6
6
2
9
13
1
6
2
1
6
1
4
13
8
15
12
1
8
6
11
11
1
6
2
8
2
8
8
8
6
1
6
15
1
1
1
10
5
15
6
1
9
4
9
7
11
1
2
2
1
8
1
2
2
3
2
11
11
8
1
2
12
2
3
1
10
4
1
5
9
2
1
1
12
11
1
6
2
1
8
11
16
1
1
10
6
11
1
5
6
16
1
2
15
1
11
1
2
1
1
10
13
6
1
16
1
1
6
3
6
9
14
1
1
7
1
1
1
5
1
1
7
4
2
2
1
1
8
2
3
8
5
14
11
3
1
1
2
4
14
13
6
2
1
1
9
12
8
4
6
9
1
7
2
4
11
2
2
15
1
1
2
16
11
6
1
10
2
1
8
1
8
5
2
5
1
8
6
9
15
14
2
2
7
4
1
2
6
14
2
6
6
1
8
1
9
11
9
3
11
9
11
1
9
9
2
5
2
1
1
6
6
1
1
9
8
1
10
11
11
10
8
8
1
4
15
2
11
1
2
5
5
1
14
1
8
1
10
8
6
2
5
7
9
2
1
1
2
11
2
8
9
3
16
14
8
1
1
9
2
4
1
15
11
4
3
1
1
16
7
15
8
1
2
7
9
1
2
9
1
2
6
7
7
1
2
2
1
2
11
14
1
6
7
1
6
2
8
10
9
1
2
14
2
16
15
2
4
13
1
3
9
15
2
6
1
1
4
9
1
7
1
4
6
6
9
16
1
7
1
1
14
16
1
4
15
9
7
1
6
4
11
1
13
2
6
14
1
11
1
1
6
8
1
1
4
3
9
1
12
15
4
1
1
14
11
11
4
11
2
6
1
3
6
12
9
6
8
8
1
1
1
1
1
6
7
1
1
8
1
1
2
2
8
6
3
13
16
11
2
10
2
1
2
11
6
11
1
6
8
2
3
8
1
1
6
1
6
2
1
14
6
2
14
1
10
1
7
6
13
2
2
4
1
1
2
6
11
1
2
1
8
2
2
5
11
1
5
9
2
2
4
10
12
4
9
2
5
6
1
3
9
8
1
13
11
1
1
12
11
11
1
10
14
11
11
8
5
9
1
9
1
1
7
8
6
11
8
1
1
15
4
10
9
4
1
4
13
10
1
6
8
9
9
9
16
8
1
1
2
1
7
7
6
2
7
5
1
1
1
15
2
11
1
1
13
15
2
1
14
2
1
1
1
3
14
11
11
5
2
5
16
4
1
2
1
2
6
5
10
2
1
12
1
4
1
1
13
1
3
14
9
9
6
14
2
6
11
2
8
1
14
1
2
4
9
6
1
9
7
7
8
10
1
16
10
7
3
12
1
2
2
1
12
6
2
9
14
10
14
2
1
9
6
5
8
10
3
1
2
1
3
7
8
1
9
2
1
6
1
8
4
6
3
15
15
2
6
1
1
9
10
14
6
11
5
1
11
2
1
8
2
11
1
1
1
9
3
4
3
1
2
9
1
1
7
14
1
14
14
8
1
6
2
2
4
2
14
1
1
2
1
3
3
8
4
4
1
10
1
4
2
10
6
11
6
5
5
7
6
1
13
15
1
1
1
9
3
1
16
2
2
1
1
9
3
1
2
2
2
1
15
1
15
1
1
6
1
11
2
14
1
2
14
13
11
2
14
1
10
1
9
11
6
11
9
2
13
7
8
11
