1
2
3
4
5
6
7
8
9
10
11
12
13
14
15
16
17
18
19
20
21
22
23
24
25
26
27
28
29
30
31
32
33
34
35
36
37
38
39
40
41
42
43
44
45
46
47
48
49
50
13
7
28
39
10
34
39
46
33
13
39
17
16
48
4
42
45
50
45
17
47
46
46
12
49
19
28
41
7
34
20
45
3
37
45
11
2
36
41
47
21
20
36
47
19
47
6
32
21
42
22
31
46
4
17
50
40
39
46
16
26
48
16
21
42
42
17
4
33
22
6
31
26
45
3
47
14
40
20
34
17
50
7
35
34
4
16
16
17
4
48
50
33
46
45
14
32
4
50
46
15
25
34
37
46
37
5
34
41
22
26
39
16
46
39
14
43
6
43
22
39
46
17
16
14
14
38
17
33
27
5
38
34
6
16
16
37
38
16
41
20
39
16
20
34
20
46
9
47
25
6
36
22
42
8
24
45
2
20
28
48
12
4
30
34
8
42
17
15
46
6
33
17
14
4
3
14
5
6
14
26
39
36
27
46
9
5
29
1
8
13
3
8
38
42
36
2
31
3
14
44
2
43
17
43
43
37
6
16
6
48
38
18
2
34
28
49
22
20
40
4
32
7
26
31
47
16
6
17
34
38
15
17
34
46
50
37
47
43
36
7
32
47
16
5
29
30
1
31
14
37
25
13
36
6
44
27
6
47
32
27
2
47
48
11
45
14
46
17
45
16
4
13
25
17
48
49
38
49
49
5
21
14
36
34
1
17
14
31
8
36
12
32
38
20
41
18
34
16
46
47
44
29
5
25
49
28
43
30
38
46
17
34
1
10
33
21
37
5
17
33
6
42
32
50
47
15
2
6
44
36
4
17
15
41
15
21
15
46
34
22
32
37
6
46
40
46
17
11
47
16
22
13
36
20
27
3
38
46
45
30
48
28
27
49
33
43
7
13
32
19
39
17
17
4
35
22
33
21
38
39
42
18
48
18
42
43
15
36
18
45
34
13
47
43
16
1
20
46
47
4
27
23
49
1
18
9
11
49
40
41
15
31
39
12
16
22
42
17
45
1
46
23
47
50
11
27
46
42
16
16
17
16
28
16
4
20
14
16
39
47
42
18
50
48
45
27
11
30
17
15
32
45
16
22
50
35
39
30
14
48
6
34
38
17
4
11
46
31
14
47
48
46
12
1
21
14
18
45
31
48
48
31
33
40
4
30
22
46
16
48
16
28
8
4
34
49
11
46
42
17
42
22
6
36
20
7
33
13
37
15
48
4
13
42
17
37
49
20
46
15
19
36
45
26
42
11
12
41
29
16
25
17
47
41
17
17
16
44
8
45
20
26
46
2
47
14
22
26
30
18
16
46
4
30
47
4
17
35
4
47
6
36
14
45
40
11
49
40
50
16
43
8
5
45
34
39
34
7
15
49
5
33
49
49
44
15
37
21
20
48
30
19
31
14
4
33
25
17
37
33
32
28
3
2
8
44
37
38
40
34
39
13
45
15
47
7
5
45
38
5
46
43
45
46
43
31
34
11
3
27
43
45
49
40
11
46
27
45
31
4
41
47
4
15
43
11
8
41
50
3
27
49
41
23
16
5
46
40
28
5
19
9
7
1
17
47
39
17
37
9
14
48
22
11
17
20
44
39
43
7
11
41
2
40
30
44
23
26
7
11
33
27
14
27
17
20
5
17
11
1
33
4
45
49
47
47
33
16
34
26
17
28
18
45
20
33
43
13
38
32
48
41
44
6
3
17
11
17
21
39
39
16
2
17
33
41
17
46
22
16
18
45
25
28
39
47
47
4
22
43
36
17
14
4
40
15
43
6
16
15
36
39
5
47
33
14
11
17
6
33
27
16
45
13
10
2
29
47
17
28
15
26
36
32
8
1
38
27
19
15
7
42
24
33
41
7
17
46
32
34
11
46
6
22
8
43
36
38
20
33
6
4
22
16
46
27
33
46
14
14
26
16
43
13
32
40
47
6
34
49
