1
2
3
4
5
6
7
8
9
10
11
12
13
14
15
16
17
18
19
20
21
22
23
24
25
26
27
28
29
30
31
32
33
34
35
36
37
38
39
40
41
42
43
44
45
46
47
48
49
50
51
52
53
54
55
56
57
58
59
60
61
62
63
64
65
66
67
68
69
70
71
72
73
74
75
76
77
78
79
80
81
82
83
84
85
86
87
88
89
90
91
92
93
94
95
96
97
98
99
100
22
31
72
65
17
50
40
39
46
16
26
48
63
99
100
66
62
74
59
22
71
31
26
67
3
96
14
40
92
80
62
50
7
35
80
65
16
16
62
65
48
50
59
72
69
69
61
4
80
46
15
25
80
84
100
37
5
34
41
22
26
54
16
72
54
69
43
97
43
22
54
72
62
63
69
14
38
90
59
27
5
38
34
71
63
16
92
76
16
78
92
61
16
59
80
92
72
79
47
25
6
36
22
66
8
24
82
87
81
28
48
74
74
66
56
8
66
71
15
100
97
33
62
14
65
3
90
5
71
14
75
54
93
27
100
9
5
29
1
8
51
3
8
38
81
93
87
52
3
14
44
87
43
62
43
84
37
71
16
71
48
38
83
2
34
53
49
22
20
40
65
58
79
26
31
96
16
71
17
34
38
15
62
56
72
50
84
96
84
93
52
32
96
16
59
29
30
1
31
62
84
25
60
93
97
44
27
71
47
58
27
2
96
48
11
67
14
58
90
69
16
4
60
25
17
64
75
38
49
49
5
21
14
93
34
1
71
14
52
8
36
74
32
38
92
41
18
80
16
58
96
44
29
5
25
49
28
84
30
38
58
17
34
1
55
33
99
84
5
70
59
97
66
58
68
47
15
87
97
44
88
74
17
15
78
15
56
15
72
34
93
61
84
97
72
40
58
17
11
47
81
22
51
93
92
27
3
38
72
69
30
64
55
27
49
59
84
7
13
58
19
61
70
62
65
35
22
40
21
38
61
66
52
64
83
46
43
83
36
83
67
56
51
71
84
16
43
92
72
90
65
27
23
49
1
18
9
86
49
40
78
15
31
61
12
16
22
81
17
69
1
72
23
96
99
11
27
72
66
81
65
17
16
53
16
65
20
70
63
54
96
100
83
80
48
69
27
11
30
62
15
32
67
16
22
80
95
54
30
14
64
97
80
38
17
65
11
58
31
14
47
48
100
57
1
99
14
83
69
31
48
64
31
33
34
65
54
93
72
16
48
16
77
8
65
56
75
11
72
100
62
63
79
6
93
92
7
59
60
84
15
48
65
60
66
62
37
75
92
58
15
19
88
67
75
100
11
74
41
29
16
25
17
71
78
17
62
16
44
8
85
59
26
72
87
47
70
22
75
46
83
16
72
4
66
96
65
62
35
65
71
97
36
14
85
40
11
49
40
50
16
84
8
5
85
56
61
56
52
15
49
5
59
75
49
44
15
37
99
20
48
30
19
31
14
74
59
25
62
84
59
61
53
3
87
8
44
92
38
40
80
61
51
67
15
96
7
5
69
38
81
72
43
69
72
84
31
34
11
3
27
43
69
49
33
11
72
27
90
31
65
41
47
65
15
43
11
8
41
50
3
27
49
41
23
16
81
72
34
53
81
95
9
52
1
70
47
61
62
84
18
14
64
22
11
17
81
44
54
43
52
11
41
2
40
66
44
23
26
52
11
59
27
69
27
17
20
5
62
86
1
59
74
69
75
96
47
59
63
80
26
17
28
18
69
92
59
43
60
38
32
64
78
44
6
3
62
11
17
21
54
61
16
2
17
33
78
62
58
22
63
18
69
25
77
61
47
96
65
22
43
93
62
14
4
40
15
43
97
16
15
93
54
5
47
81
14
11
62
71
59
27
16
45
51
10
87
29
47
72
28
15
75
36
58
78
1
76
27
19
15
52
42
24
59
78
7
17
72
58
80
86
72
71
22
8
43
36
76
20
33
71
65
22
16
72
27
33
46
14
14
26
16
43
51
58
40
96
71
56
75
