-0.4051,-0.4228
-0.3886,-0.415
-0.3606,-0.4086
-0.3484,-0.4065
-0.3394,-0.4012
-0.3306,-0.3991
-0.3166,-0.3989
-0.3053,-0.3918
-0.2954,-0.388
-0.2799,-0.3869
-0.2602,-0.3788
-0.2492,-0.3787
-0.2351,-0.379
-0.2044,-0.3787
-0.175,-0.37
-0.1561,-0.37
-0.1371,-0.3716
-0.1256,-0.3675
-0.1017,-0.3646
-0.0711,-0.3621
-0.0416,-0.3505
-0.0221,-0.3475
0.0244,-0.3396
0.0437,-0.3346
0.0693,-0.3304
0.0797,-0.33
0.0879,-0.3411
0.0969,-0.3444
0.0992,-0.3577
0.0975,-0.3642
0.1137,-0.3637
0.1225,-0.39
0.1233,-0.4033
0.18,-0.4
0.18,-0.4
0.18,-0.4
-0.4031,-0.3839
-0.3732,-0.3821
-0.3602,-0.3769
-0.3537,-0.3717
-0.3363,-0.3737
-0.3214,-0.3603
-0.309,-0.3511
-0.2976,-0.3479
-0.2845,-0.3471
-0.274,-0.346
-0.2581,-0.3422
-0.2415,-0.344
-0.2237,-0.3447
-0.2051,-0.3457
-0.1688,-0.3437
-0.1575,-0.3439
-0.1237,-0.3417
-0.1145,-0.343
-0.0915,-0.3438
-0.0747,-0.3442
-0.039,-0.3388
-0.0069,-0.3237
0.0016,-0.3243
0.0379,-0.3184
0.061,-0.3161
0.0741,-0.3163
0.0856,-0.3128
0.0913,-0.3188
0.1113,-0.3125
0.1179,-0.3247
0.135,-0.3257
0.161,-0.312
0.1656,-0.3156
0.205,-0.32
0.18,-0.4
0.18,-0.4
0.18,-0.4
-0.4071,-0.3579
-0.3685,-0.347
-0.3591,-0.3374
-0.3469,-0.3257
-0.3286,-0.3225
-0.3135,-0.3191
-0.3045,-0.3144
-0.2952,-0.3123
-0.2823,-0.3124
-0.2751,-0.3165
-0.2551,-0.3087
-0.2359,-0.3121
-0.212,-0.3088
-0.1944,-0.3028
-0.1686,-0.3042
-0.1554,-0.3073
-0.1345,-0.3064
-0.1115,-0.3085
-0.0832,-0.3141
-0.0646,-0.3088
-0.0312,-0.3058
-0.0058,-0.3003
0.0166,-0.2942
0.0371,-0.2875
0.0597,-0.2834
0.0792,-0.2783
0.0886,-0.2795
0.0919,-0.2874
0.1046,-0.2935
0.1127,-0.3042
0.1168,-0.3145
0.1382,-0.3047
0.1617,-0.2992
0.175,-0.3038
0.208,-0.278
0.2267,-0.2867
0.225,-0.31
-0.3968,-0.3155
-0.3672,-0.3231
-0.3464,-0.3166
-0.3345,-0.3088
-0.3178,-0.3071
-0.3059,-0.3029
-0.2961,-0.3006
-0.2901,-0.2987
-0.2793,-0.2938
-0.2709,-0.2928
-0.2562,-0.2889
-0.2404,-0.2931
-0.2136,-0.2947
-0.1864,-0.292
-0.1668,-0.2911
-0.1565,-0.2896
-0.1332,-0.2841
-0.109,-0.2829
-0.0863,-0.2911
-0.0666,-0.2924
-0.0299,-0.2865
-0.0085,-0.2835
0.0076,-0.2886
0.0287,-0.2844
0.0524,-0.2802
0.0788,-0.2751
0.0898,-0.2709
0.0898,-0.2709
0.0977,-0.2717
0.1101,-0.2753
0.1243,-0.28
0.1405,-0.2862
0.162,-0.284
0.1758,-0.2783
0.2038,-0.2562
0.208,-0.278
0.2267,-0.2867
0.27,-0.22
-0.3883,-0.3025
-0.3592,-0.3065
-0.3368,-0.3033
-0.3269,-0.2988
-0.3115,-0.2968
-0.303,-0.2934
-0.2927,-0.2935
-0.2805,-0.2894
-0.2757,-0.286
-0.2648,-0.2814
-0.259,-0.283
-0.24,-0.2843
-0.2231,-0.2831
-0.191,-0.2787
-0.1719,-0.2808
-0.144,-0.2795
-0.1203,-0.2737
-0.1128,-0.2739
-0.0982,-0.274
-0.0799,-0.2809
-0.0385,-0.2786
-0.017,-0.2778
-0.0023,-0.2776
0.0197,-0.276
0.057,-0.2745
0.0728,-0.2733
0.0862,-0.2715
0.093,-0.2673
0.093,-0.2673
0.0994,-0.269
0.1182,-0.2673
0.1338,-0.2592
0.1516,-0.2716
0.1707,-0.26
0.1967,-0.2567
0.2129,-0.2514
0.2533,-0.2067
0.25,-0.23
0.27,-0.22
-0.3897,-0.2998
-0.3527,-0.2922
-0.3354,-0.2931
-0.3199,-0.2909
-0.3116,-0.2893
-0.3008,-0.2902
-0.2831,-0.2852
-0.2748,-0.2821
-0.2695,-0.2794
-0.2643,-0.2734
-0.253,-0.2711
-0.2428,-0.2703
-0.2193,-0.265
-0.1981,-0.2704
-0.167,-0.274
-0.1371,-0.2714
-0.1224,-0.271
-0.1107,-0.2699
-0.0994,-0.2717
-0.086,-0.2683
-0.0503,-0.2675
-0.0184,-0.2692
2.0E-4,-0.2651
0.0124,-0.2685
0.046,-0.27
0.0667,-0.2717
0.092,-0.2634
0.0957,-0.2626
0.0957,-0.2626
0.0998,-0.2586
0.1138,-0.2558
0.1283,-0.2528
0.145,-0.2532
0.1667,-0.2573
0.192,-0.25
0.2129,-0.2514
0.2183,-0.2267
0.2533,-0.2067
0.25,-0.23
0.27,-0.22
-0.3834,-0.2741
-0.3544,-0.2703
-0.3297,-0.2686
-0.3192,-0.2732
-0.3128,-0.2762
-0.3004,-0.2795
-0.2803,-0.2764
-0.2659,-0.2713
-0.2612,-0.2693
-0.258,-0.2658
-0.2487,-0.2614
-0.2342,-0.2578
-0.2247,-0.2596
-0.1975,-0.2574
-0.1693,-0.2603
-0.1385,-0.2571
-0.1216,-0.2608
-0.1069,-0.2629
-0.0972,-0.2596
-0.0808,-0.2529
-0.0585,-0.2561
-0.016,-0.257
-0.0035,-0.2595
0.0222,-0.2523
0.039,-0.2574
0.0751,-0.2592
0.0886,-0.2613
0.0957,-0.2626
0.0974,-0.2593
0.1017,-0.2553
0.1167,-0.2442
0.1259,-0.2356
0.1396,-0.2315
0.1639,-0.2383
0.192,-0.25
0.2183,-0.2267
0.2183,-0.2267
0.2533,-0.2067
0.2533,-0.2067
0.27,-0.22
-0.3821,-0.2583
-0.3497,-0.2466
-0.3322,-0.2468
-0.3164,-0.2485
-0.3125,-0.2488
-0.2971,-0.2464
-0.2807,-0.2505
-0.2643,-0.2493
-0.2551,-0.2459
-0.2512,-0.2431
-0.2412,-0.2363
-0.2306,-0.2288
-0.2208,-0.231
-0.1926,-0.2274
-0.1709,-0.2294
-0.1421,-0.2366
-0.1239,-0.2398
-0.1039,-0.2376
-0.0844,-0.2339
-0.0785,-0.2338
-0.0533,-0.2323
-0.0114,-0.2286
0.0019,-0.2325
0.0273,-0.235
0.04,-0.2334
0.0717,-0.243
0.0891,-0.2498
0.1065,-0.234
0.1103,-0.232
0.1179,-0.2207
0.1326,-0.2086
0.1358,-0.2152
0.1519,-0.2107
0.1658,-0.2058
0.2055,-0.1945
0.22,-0.1767
0.226,-0.218
0.2533,-0.2067
0.2533,-0.2067
0.265,-0.19
-0.3799,-0.204
-0.3563,-0.2071
-0.3319,-0.209
-0.3221,-0.2066
-0.3133,-0.2113
-0.3008,-0.2071
-0.2811,-0.1975
-0.2651,-0.193
-0.2569,-0.1999
-0.2469,-0.2014
-0.2423,-0.2023
-0.2302,-0.1978
-0.2136,-0.2009
-0.1928,-0.2002
-0.1666,-0.1952
-0.1406,-0.1937
-0.1267,-0.1927
-0.1042,-0.1925
-0.0831,-0.2034
-0.0762,-0.2079
-0.0359,-0.2067
-0.0111,-0.2095
0.0127,-0.2016
0.0273,-0.1943
0.045,-0.1901
0.0914,-0.1984
0.1032,-0.1935
0.1126,-0.1932
0.1207,-0.1923
0.1254,-0.1956
0.1371,-0.2014
0.1413,-0.1855
0.1544,-0.1872
0.1761,-0.1856
0.2155,-0.1655
0.223,-0.156
0.245,-0.145
0.265,-0.1525
0.2767,-0.1233
0.265,-0.19
-0.3769,-0.1569
-0.3596,-0.1618
-0.3334,-0.1627
-0.3229,-0.1684
-0.3111,-0.1537
-0.2984,-0.1449
-0.2796,-0.1465
-0.2729,-0.1456
-0.2624,-0.1518
-0.2538,-0.1559
-0.2439,-0.159
-0.2262,-0.1533
-0.2086,-0.151
-0.1918,-0.1528
-0.1675,-0.148
-0.1399,-0.1541
-0.1264,-0.1541
-0.1041,-0.159
-0.0959,-0.1607
-0.0681,-0.1526
-0.0311,-0.1523
0.0018,-0.1468
0.0203,-0.1489
0.0407,-0.1435
0.0637,-0.1382
0.0903,-0.1371
0.1159,-0.1429
0.1271,-0.1335
0.1327,-0.1275
0.1502,-0.1187
0.1605,-0.1098
0.1675,-0.1175
0.1859,-0.1078
0.2047,-0.1153
0.2325,-0.1142
0.25,-0.0937
0.2457,-0.12
0.256,-0.132
0.2767,-0.1233
0.2767,-0.1233
-0.3756,-0.1275
-0.3678,-0.1198
-0.3474,-0.1225
-0.3245,-0.1209
-0.3068,-0.1081
-0.3011,-0.1087
-0.2872,-0.1116
-0.2739,-0.1144
-0.2673,-0.1188
-0.2543,-0.1138
-0.2416,-0.1104
-0.2304,-0.1096
-0.2097,-0.1151
-0.1955,-0.1099
-0.17,-0.1196
-0.1493,-0.1184
-0.1232,-0.1163
-0.1072,-0.1158
-0.0898,-0.1137
-0.058,-0.1089
-0.0186,-0.1003
0.0107,-0.1085
0.0353,-0.1033
0.0445,-0.1029
0.0794,-0.089
0.1015,-0.0821
0.1245,-0.0806
0.1411,-0.0822
0.1504,-0.0749
0.1622,-0.0694
0.1687,-0.0691
0.181,-0.0541
0.2103,-0.0297
0.2227,-0.0108
0.2368,0.0
0.2582,-0.0364
0.2633,-0.0356
0.2657,-0.0286
0.2767,-0.1233
0.3,0.01
-0.3776,-0.0733
-0.3719,-0.0714
-0.3573,-0.0679
-0.3248,-0.0686
-0.3135,-0.0769
-0.3023,-0.0844
-0.2945,-0.0833
-0.2799,-0.0812
-0.2623,-0.079
-0.251,-0.08
-0.2361,-0.0709
-0.2208,-0.065
-0.2118,-0.0671
-0.189,-0.0672
-0.1736,-0.0612
-0.1547,-0.0638
-0.1281,-0.061
-0.1094,-0.0705
-0.0785,-0.0612
-0.0477,-0.0558
-0.0252,-0.0558
0.0081,-0.0566
0.0418,-0.0613
0.0667,-0.0485
0.0871,-0.043
0.1071,-0.0478
0.1263,-0.036
0.153,-0.0407
0.1644,-0.0317
0.1746,-0.0198
0.1876,-0.0104
0.2059,0.023
0.2209,0.0441
0.2329,0.0436
0.2404,0.0452
0.2733,0.065
0.29,0.064
0.3018,0.0727
0.3129,0.06
0.395,0.1
-0.3706,-0.0234
-0.3663,-0.0261
-0.34,-0.0241
-0.3282,-0.0214
-0.3183,-0.0264
-0.2987,-0.0333
-0.2952,-0.0395
-0.2765,-0.036
-0.2573,-0.0401
-0.2429,-0.0372
-0.2288,-0.0327
-0.221,-0.0312
-0.2006,-0.0243
-0.188,-0.0241
-0.1717,-0.0155
-0.1523,-0.0132
-0.1337,-0.0097
-0.099,-0.0087
-0.0723,-5.0E-4
-0.0513,-0.0029
-0.0228,-0.0055
0.0032,0.0073
0.0454,0.0101
0.0687,0.0201
0.0827,0.0249
0.0999,0.0184
0.1235,0.0046
0.1505,0.0118
0.1701,0.0094
0.1927,0.0339
0.2018,0.0466
0.21,0.0563
0.219,0.0723
0.2369,0.0834
0.2452,0.0819
0.2577,0.0905
0.2761,0.0917
0.2914,0.0843
0.313,0.117
0.3383,0.1217
-0.3686,0.0356
-0.3605,0.0136
-0.3329,0.0095
-0.3173,0.0118
-0.3089,0.0207
-0.3033,0.0322
-0.2992,0.0279
-0.2751,0.0253
-0.2506,0.0321
-0.2349,0.0369
-0.2175,0.0438
-0.209,0.0361
-0.2005,0.0384
-0.1833,0.0355
-0.1707,0.0295
-0.1521,0.0354
-0.1233,0.0481
-0.1013,0.0574
-0.0747,0.0564
-0.0573,0.0621
-0.0257,0.0575
0.0134,0.0542
0.0557,0.0522
0.0692,0.0551
0.0802,0.0504
0.0907,0.05
0.123,0.0605
0.1567,0.0752
0.1829,0.082
0.2006,0.0919
0.2074,0.1024
0.2154,0.1049
0.2303,0.1076
0.2373,0.1115
0.2548,0.1184
0.2633,0.1159
0.2741,0.1205
0.2888,0.12
0.3042,0.1225
0.32,0.1267
-0.3637,0.102
-0.3489,0.0897
-0.3201,0.0968
-0.2955,0.1011
-0.2917,0.1165
-0.2887,0.1197
-0.2794,0.121
-0.2651,0.1233
-0.2433,0.1254
-0.2272,0.1244
-0.2229,0.1208
-0.2086,0.1197
-0.2051,0.1183
-0.191,0.1129
-0.1685,0.0997
-0.1477,0.1074
-0.1231,0.1099
-0.0944,0.1026
-0.0753,0.1089
-0.0626,0.1022
-0.0397,0.0992
0.0145,0.091
0.0565,0.0974
0.0637,0.0975
0.0767,0.1056
0.091,0.1076
0.1201,0.1119
0.143,0.1168
0.1891,0.1046
0.2055,0.1108
0.2318,0.1238
0.2318,0.1238
0.2387,0.14
0.2424,0.1395
0.2612,0.1394
0.2666,0.1379
0.2781,0.1404
0.3045,0.161
0.3219,0.1644
0.3275,0.1575
-0.3722,0.1434
-0.351,0.1595
-0.3259,0.1585
-0.3013,0.1421
-0.295,0.1485
-0.2886,0.1465
-0.2775,0.1509
-0.2608,0.1635
-0.2464,0.1599
-0.2295,0.1518
-0.2228,0.1549
-0.2184,0.1536
-0.2096,0.1541
-0.2017,0.1465
-0.17,0.1399
-0.1504,0.144
-0.1249,0.1392
-0.1004,0.1332
-0.0817,0.128
-0.0645,0.1241
-0.0495,0.121
0.0216,0.1277
0.0484,0.1228
0.0744,0.1153
0.0809,0.1135
0.092,0.1198
0.1233,0.1223
0.1607,0.1368
0.2009,0.146
0.2112,0.1453
0.2317,0.1466
0.236,0.1502
0.2387,0.14
0.2424,0.1416
0.2619,0.1469
0.2693,0.1443
0.2831,0.1592
0.3067,0.169
0.3163,0.1768
0.3321,0.1771
-0.3612,0.185
-0.3559,0.1928
-0.3255,0.1931
-0.3115,0.183
-0.2971,0.1854
-0.2823,0.194
-0.2763,0.1968
-0.2625,0.1876
-0.2564,0.1832
-0.2383,0.1753
-0.2248,0.1709
-0.2179,0.1678
-0.2129,0.1708
-0.1963,0.1767
-0.1739,0.1803
-0.1497,0.1696
-0.135,0.1683
-0.1043,0.1605
-0.0851,0.1544
-0.0651,0.1525
-0.0418,0.1518
-0.0061,0.1506
0.053,0.1415
0.0651,0.1375
0.0842,0.1324
0.1019,0.1316
0.1421,0.144
0.169,0.1479
0.2011,0.1482
0.2221,0.1493
0.236,0.1502
0.244,0.1614
0.2474,0.167
0.2582,0.1813
0.2753,0.1741
0.2831,0.1788
0.3085,0.1938
0.3179,0.1996
0.3314,0.2143
0.3406,0.2247
-0.3537,0.2119
-0.3506,0.2125
-0.3309,0.2179
-0.3167,0.2114
-0.2921,0.2218
-0.2841,0.211
-0.2773,0.2094
-0.273,0.2066
-0.2612,0.2018
-0.2515,0.2009
-0.2336,0.2004
-0.2165,0.1986
-0.2008,0.2021
-0.1973,0.1996
-0.1769,0.1984
-0.1607,0.1953
-0.1373,0.1858
-0.116,0.1762
-0.0855,0.1724
-0.0652,0.1789
-0.0381,0.1785
-0.008,0.1767
0.0437,0.1614
0.0642,0.1591
0.082,0.1594
0.1113,0.161
0.1551,0.1639
0.1828,0.1663
0.2048,0.1682
0.2389,0.1793
0.2441,0.1802
0.2514,0.1824
0.2551,0.1849
0.2628,0.1882
0.2736,0.1936
0.2917,0.1947
0.3085,0.1938
0.3314,0.2143
0.3384,0.2284
0.3433,0.2344
-0.3538,0.2306
-0.3454,0.2429
-0.3388,0.2386
-0.3065,0.2407
-0.2933,0.2343
-0.2915,0.2304
-0.2852,0.2285
-0.2733,0.2261
-0.2667,0.2245
-0.246,0.2238
-0.2311,0.2297
-0.2175,0.2259
-0.2084,0.2252
-0.1913,0.2297
-0.1857,0.228
-0.1705,0.2241
-0.1528,0.223
-0.1229,0.2159
-0.0925,0.2105
-0.0647,0.2078
-0.0512,0.2044
3.0E-4,0.1974
0.0217,0.1926
0.0597,0.1814
0.0999,0.1935
0.131,0.1937
0.1582,0.195
0.1936,0.1878
0.2141,0.1994
0.2421,0.1912
0.2477,0.1911
0.2631,0.2012
0.2631,0.2012
0.2761,0.2113
0.2879,0.2312
0.3041,0.2407
0.3229,0.2462
0.3336,0.245
0.35,0.2556
0.364,0.2833
-0.3467,0.2663
-0.3428,0.2606
-0.3411,0.2505
-0.3063,0.2574
-0.2975,0.2529
-0.2938,0.2493
-0.2866,0.2491
-0.2744,0.2546
-0.2566,0.2541
-0.2526,0.2566
-0.2275,0.2545
-0.2208,0.2555
-0.2047,0.2565
-0.189,0.2521
-0.1824,0.253
-0.1734,0.2599
-0.1579,0.2583
-0.1371,0.2555
-0.1093,0.2478
-0.0796,0.2325
-0.059,0.2318
-0.0288,0.2329
0.0124,0.2236
0.0639,0.2092
0.0833,0.2146
0.138,0.21
0.1664,0.2167
0.2042,0.211
0.2181,0.2078
0.2512,0.2122
0.259,0.2157
0.2674,0.2182
0.2789,0.2263
0.2993,0.2437
0.3024,0.249
0.31,0.2578
0.3271,0.2596
0.3405,0.2885
0.3588,0.2925
0.3707,0.2907
-0.3375,0.3023
-0.3355,0.2971
-0.3233,0.2888
-0.3089,0.2818
-0.2937,0.2816
-0.2845,0.281
-0.28,0.2814
-0.2702,0.2897
-0.2586,0.2866
-0.2451,0.2844
-0.2347,0.2849
-0.2169,0.2877
-0.2066,0.2898
-0.198,0.2931
-0.1841,0.2854
-0.1757,0.2869
-0.1668,0.2864
-0.1495,0.2818
-0.1089,0.2788
-0.0908,0.282
-0.0706,0.2707
-0.0522,0.2634
-6.0E-4,0.254
0.0486,0.2589
0.0851,0.2595
0.1321,0.2535
0.1733,0.2496
0.2126,0.2421
0.2302,0.24
0.2507,0.2271
0.2589,0.2281
0.2963,0.246
0.3054,0.2543
0.3063,0.2604
0.3124,0.2708
0.3273,0.2841
0.3437,0.2974
0.3472,0.3067
0.3653,0.3213
0.3653,0.3213
-0.3354,0.3237
-0.3365,0.3149
-0.3279,0.3105
-0.3065,0.3158
-0.2854,0.3202
-0.2835,0.3165
-0.2729,0.3068
-0.2683,0.3044
-0.2551,0.3074
-0.2483,0.3125
-0.2287,0.3177
-0.2203,0.3162
-0.2109,0.3153
-0.1993,0.3133
-0.1854,0.308
-0.181,0.3047
-0.1782,0.3066
-0.1548,0.3102
-0.1131,0.3067
-0.0971,0.3
-0.085,0.3014
-0.0667,0.3009
0.0075,0.2881
0.0505,0.2975
0.0878,0.2947
0.1011,0.2903
0.165,0.2877
0.2085,0.2973
0.2475,0.2886
0.2852,0.2772
0.303,0.2826
0.303,0.2826
0.3086,0.2882
0.3285,0.3045
0.3374,0.3079
0.3374,0.3079
0.3506,0.3153
0.3556,0.3237
0.3679,0.3329
0.3746,0.3392
-0.3268,0.3448
-0.3268,0.3448
-0.3294,0.3394
-0.2946,0.3484
-0.2826,0.3469
-0.2748,0.3415
-0.2672,0.3443
-0.2614,0.3445
-0.2473,0.3428
-0.2411,0.3433
-0.2288,0.337
-0.2222,0.3336
-0.2222,0.3336
-0.2111,0.3381
-0.1906,0.3346
-0.1853,0.3298
-0.1773,0.3327
-0.1594,0.333
-0.1319,0.3391
-0.1027,0.3332
-0.0979,0.3408
-0.0692,0.3488
0.0107,0.3455
0.0262,0.344
0.0383,0.3395
0.0875,0.3514
0.1641,0.3543
0.2424,0.3419
0.2565,0.3395
0.3003,0.3429
0.3194,0.3375
0.3212,0.3282
0.3212,0.3282
0.3313,0.3337
0.3353,0.344
0.3573,0.3347
0.3573,0.3347
0.3579,0.3457
0.3767,0.3525
0.3767,0.3525
-0.34,0.36
-0.3283,0.3463
-0.3228,0.3481
-0.3084,0.3594
-0.2908,0.3563
-0.2821,0.3517
-0.2756,0.3482
-0.2639,0.3456
-0.258,0.3453
-0.2377,0.3456
-0.234,0.3469
-0.2269,0.3469
-0.2215,0.3481
-0.209,0.3467
-0.2,0.3456
-0.1878,0.3485
-0.1782,0.3516
-0.1571,0.355
-0.1256,0.3459
-0.1007,0.348
-0.1009,0.3539
-0.035,0.373
0.0203,0.3632
0.0308,0.3589
0.0374,0.3624
0.0547,0.3606
0.1742,0.3622
0.2244,0.3572
0.2838,0.3535
0.3227,0.348
0.3227,0.348
0.3343,0.3557
0.3343,0.3557
0.3343,0.3557
0.3343,0.3557
0.3477,0.3577
0.3533,0.3667
0.3664,0.3673
0.3664,0.3673
0.3664,0.3673
-0.3531,0.3725
-0.3386,0.3641
-0.3352,0.3576
-0.3125,0.3666
-0.3046,0.3616
-0.292,0.3583
-0.2893,0.3574
-0.2725,0.353
-0.2642,0.3506
-0.253,0.3519
-0.2401,0.3523
-0.2267,0.3507
-0.2198,0.3509
-0.2015,0.3534
-0.187,0.3579
-0.1769,0.3596
-0.1593,0.3645
-0.1549,0.3664
-0.123,0.3593
-0.1001,0.3677
-0.0562,0.3815
-0.0562,0.3815
0.0125,0.37
0.033,0.3767
0.033,0.3767
0.0614,0.3909
0.168,0.398
0.2623,0.3964
0.295,0.39
0.3291,0.3782
0.3385,0.3638
0.3385,0.3638
0.3385,0.3638
0.3533,0.3667
0.3533,0.3667
0.3533,0.3667
0.3664,0.3673
0.3664,0.3673
0.3664,0.3673
0.3667,0.3856
