2
2
3
3
5
6
7
8
8
10
11
12
14
14
15
16
17
17
19
20
22
22
23
25
25
27
27
28
29
30
32
32
33
34
35
36
36
38
39
40
40
42
43
44
45
47
47
48
49
50
52
52
53
54
55
55
57
58
58
60
61
62
64
64
65
66
67
68
68
70
70
72
73
74
75
77
77
78
79
79
81
82
83
85
85
87
87
88
89
90
91
92
93
93
95
96
98
98
99
100
1
1
4
4
4
6
7
8
9
10
11
12
13
13
15
16
17
18
19
20
21
22
23
24
24
26
27
28
29
30
31
32
33
34
35
36
37
38
39
40
41
42
43
45
45
46
46
48
49
49
51
52
53
54
55
56
57
58
59
60
60
62
63
64
65
66
67
68
69
70
71
71
73
74
75
76
77
78
79
80
80
82
83
84
85
86
86
88
88
90
91
92
93
94
95
95
97
98
98
100
1
1
4
4
4
4
7
9
9
9
11
11
13
13
13
16
17
18
18
21
21
21
23
24
24
26
26
26
29
30
31
31
33
33
35
35
37
37
39
39
41
41
43
43
45
46
46
46
49
49
51
51
51
54
54
56
56
59
59
59
60
63
63
63
65
65
67
67
69
69
71
71
71
74
74
76
76
78
78
80
80
80
83
84
84
86
86
86
88
90
90
91
93
94
94
97
97
97
97
100
1
1
1
4
4
4
4
9
9
9
9
9
13
13
13
13
18
18
18
18
18
21
21
24
24
26
26
26
26
31
31
31
31
31
35
35
37
37
37
41
41
41
41
41
46
46
46
46
46
51
51
51
51
51
56
56
56
56
59
59
59
63
63
63
63
63
63
69
69
69
71
71
71
71
76
76
76
76
80
80
80
80
80
80
86
86
86
86
86
86
90
90
94
94
94
97
97
97
97
97
1
1
1
4
4
4
4
4
9
9
9
9
9
13
13
13
18
18
18
18
18
18
18
26
26
26
26
26
26
26
26
31
31
31
31
31
37
37
37
41
41
41
41
41
41
46
46
46
46
46
51
51
51
51
51
51
56
56
56
59
63
63
63
63
63
63
63
63
71
71
71
71
71
71
71
71
76
80
80
80
80
80
80
80
80
86
86
86
86
86
86
86
86
94
97
97
97
97
97
97
4
4
4
4
4
4
4
4
4
4
9
9
9
9
9
18
18
18
18
18
18
18
18
18
26
26
26
26
26
26
26
26
26
31
31
31
31
41
41
41
41
41
41
41
41
41
46
46
46
46
46
51
51
51
51
51
51
51
51
63
63
63
63
63
63
63
63
63
63
71
71
71
71
71
71
71
71
80
80
80
80
80
80
80
80
86
86
86
86
86
86
86
86
86
97
97
97
97
97
97
4
4
4
4
4
4
4
4
4
4
4
4
4
9
18
18
18
18
18
18
18
18
18
18
26
26
26
26
26
26
26
26
26
26
26
26
41
41
41
41
41
41
41
41
41
41
41
41
46
51
51
51
51
51
51
51
51
51
51
51
63
63
63
63
63
63
63
63
63
63
71
71
71
71
71
71
71
71
80
80
80
80
80
80
80
86
86
86
86
86
86
86
86
86
86
97
97
97
97
97
4
4
4
4
4
4
4
4
4
4
4
4
4
4
18
18
18
18
18
18
18
18
18
18
18
26
26
26
26
26
26
26
26
26
26
26
26
41
41
41
41
41
41
41
41
41
41
41
41
51
51
51
51
51
51
51
51
51
51
51
63
63
63
63
63
63
63
63
63
63
63
71
71
71
71
71
71
71
80
80
80
80
80
80
80
80
86
86
86
86
86
86
86
86
86
86
97
97
97
97
4
4
4
4
4
4
4
4
4
4
4
4
4
4
18
18
18
18
18
18
18
18
18
18
18
18
26
26
26
26
26
26
26
26
26
26
26
41
41
41
41
41
41
41
41
41
41
41
41
51
51
51
51
51
51
51
51
51
51
51
51
63
63
63
63
63
63
63
63
63
63
71
71
71
71
71
71
71
71
80
80
80
80
80
80
80
86
86
86
86
86
86
86
86
86
86
86
86
86
97
4
4
4
4
4
4
4
4
4
4
4
4
4
4
4
18
18
18
18
18
18
18
18
18
18
18
26
26
26
26
26
26
26
26
26
26
26
26
41
41
41
41
41
41
41
41
41
41
41
41
51
51
51
51
51
51
51
51
51
51
51
63
63
63
63
63
63
63
63
63
63
63
71
71
71
71
71
71
71
80
80
80
80
80
80
80
80
86
86
86
86
86
86
86
86
86
86
86
86
86
4
4
4
4
4
4
4
4
4
4
4
4
4
4
4
18
18
18
18
18
18
18
18
18
18
18
18
26
26
26
26
26
26
26
26
26
26
26
26
41
41
41
41
41
41
41
41
41
41
41
41
51
51
51
51
51
51
51
51
51
51
51
63
63
63
63
63
63
63
63
63
63
63
71
71
71
71
71
71
71
80
80
80
80
80
80
80
80
86
86
86
86
86
86
86
86
86
86
86
86
4
4
4
4
4
4
4
4
4
4
4
4
4
4
4
18
18
18
18
18
18
18
18
18
18
18
18
26
26
26
26
26
26
26
26
26
26
26
26
41
41
41
41
41
41
41
41
41
41
41
41
51
51
51
51
51
51
51
51
51
51
51
51
63
63
63
63
63
63
63
63
63
63
71
71
71
71
71
71
71
80
80
80
80
80
80
80
80
80
86
86
86
86
86
86
86
86
86
86
86
4
4
4
4
4
4
4
4
4
4
4
4
4
4
4
4
18
18
18
18
18
18
18
18
18
18
18
18
26
26
26
26
26
26
26
26
26
26
26
26
41
41
41
41
41
41
41
41
41
41
41
41
51
51
51
51
51
51
51
51
51
51
51
63
63
63
63
63
63
63
63
63
63
63
71
71
71
71
71
71
80
80
80
80
80
80
80
80
80
80
86
86
86
86
86
86
86
86
86
86
4
4
4
4
4
4
4
4
4
4
4
4
4
4
4
4
18
18
18
18
18
18
18
18
18
18
18
18
18
26
26
26
26
26
26
26
26
26
26
26
26
41
41
41
41
41
41
41
41
41
41
41
51
51
51
51
51
51
51
51
51
51
51
51
63
63
63
63
63
63
63
63
63
63
63
71
71
71
71
71
71
80
80
80
80
80
80
80
80
80
86
86
86
86
86
86
86
86
86
86
4
4
4
4
4
4
4
4
4
4
4
4
4
4
4
4
18
18
18
18
18
18
18
18
18
18
18
18
18
26
26
26
26
26
26
26
26
26
26
26
26
41
41
41
41
41
41
41
41
41
41
41
41
51
51
51
51
51
51
51
51
51
51
51
63
63
63
63
63
63
63
63
63
63
63
63
71
71
71
71
71
80
80
80
80
80
80
80
80
80
80
86
86
86
86
86
86
86
86
86
4
4
4
4
4
4
4
4
4
4
4
4
4
4
4
4
4
18
18
18
18
18
18
18
18
18
18
18
18
18
26
26
26
26
26
26
26
26
26
26
26
26
41
41
41
41
41
41
41
41
41
41
41
51
51
51
51
51
51
51
51
51
51
51
51
63
63
63
63
63
63
63
63
63
63
63
63
63
71
71
71
80
80
80
80
80
80
80
80
80
80
80
86
86
86
86
86
86
86
86
4
4
4
4
4
4
4
4
4
4
4
4
4
4
4
4
4
18
18
18
18
18
18
18
18
18
18
18
18
18
26
26
26
26
26
26
26
26
26
26
26
26
41
41
41
41
41
41
41
41
41
41
41
41
51
51
51
51
51
51
51
51
51
51
51
51
63
63
63
63
63
63
63
63
63
63
63
63
63
63
80
80
80
80
80
80
80
80
80
80
80
80
86
86
86
86
86
86
86
86
4
4
4
4
4
4
4
4
4
4
4
4
4
4
4
4
4
18
18
18
18
18
18
18
18
18
18
18
18
18
18
26
26
26
26
26
26
26
26
26
26
26
26
41
41
41
41
41
41
41
41
41
41
41
41
51
51
51
51
51
51
51
51
51
51
51
51
63
63
63
63
63
63
63
63
63
63
63
63
63
63
80
80
80
80
80
80
80
80
80
80
80
80
86
86
86
86
86
86
86
4
4
4
4
4
4
4
4
4
4
4
4
4
4
4
4
4
4
18
18
18
18
18
18
18
18
18
18
18
18
18
26
26
26
26
26
26
26
26
26
26
26
26
41
41
41
41
41
41
41
41
41
41
41
41
51
51
51
51
51
51
51
51
51
51
51
51
51
63
63
63
63
63
63
63
63
63
63
63
63
63
80
80
80
80
80
80
80
80
80
80
80
80
80
86
86
86
86
86
86
4
4
4
4
4
4
4
4
4
4
4
4
4
4
4
4
4
4
18
18
18
18
18
18
18
18
18
18
18
18
18
18
26
26
26
26
26
26
26
26
26
26
26
26
41
41
41
41
41
41
41
41
41
41
41
41
51
51
51
51
51
51
51
51
51
51
51
51
63
63
63
63
63
63
63
63
63
63
63
63
63
63
80
80
80
80
80
80
80
80
80
80
80
80
86
86
86
86
86
86
4
4
4
4
4
4
4
4
4
4
4
4
4
4
4
4
4
4
18
18
18
18
18
18
18
18
18
18
18
18
18
18
26
26
26
26
26
26
26
26
26
26
26
26
26
41
41
41
41
41
41
41
41
41
41
41
41
51
51
51
51
51
51
51
51
51
51
51
51
63
63
63
63
63
63
63
63
63
63
63
63
63
63
80
80
80
80
80
80
80
80
80
80
80
80
86
86
86
86
86
4
4
4
4
4
4
4
4
4
4
4
4
4
4
4
4
4
4
18
18
18
18
18
18
18
18
18
18
18
18
18
18
18
26
26
26
26
26
26
26
26
26
26
26
26
41
41
41
41
41
41
41
41
41
41
41
41
41
51
51
51
51
51
51
51
51
51
51
51
51
63
63
63
63
63
63
63
63
63
63
63
63
63
80
80
80
80
80
80
80
80
80
80
80
80
80
86
86
86
86
4
4
4
4
4
4
4
4
4
4
4
4
4
4
4
4
4
4
4
18
18
18
18
18
18
18
18
18
18
18
18
18
18
26
26
26
26
26
26
26
26
26
26
26
26
26
41
41
41
41
41
41
41
41
41
41
41
41
51
51
51
51
51
51
51
51
51
51
51
51
51
63
63
63
63
63
63
63
63
63
63
63
63
63
80
80
80
80
80
80
80
80
80
80
80
80
80
80
86
86
4
4
4
4
4
4
4
4
4
4
4
4
4
4
4
4
4
4
4
18
18
18
18
18
18
18
18
18
18
18
18
18
18
18
26
26
26
26
26
26
26
26
26
26
26
26
26
41
41
41
41
41
41
41
41
41
41
41
41
51
51
51
51
51
51
51
51
51
51
51
51
51
63
63
63
63
63
63
63
63
63
63
63
63
63
80
80
80
80
80
80
80
80
80
80
80
80
80
80
80
4
4
4
4
4
4
4
4
4
4
4
4
4
4
4
4
4
4
4
18
18
18
18
18
18
18
18
18
18
18
18
18
18
18
26
26
26
26
26
26
26
26
26
26
26
26
26
41
41
41
41
41
41
41
41
41
41
41
41
41
51
51
51
51
51
51
51
51
51
51
51
51
63
63
63
63
63
63
63
63
63
63
63
63
63
63
80
80
80
80
80
80
80
80
80
80
80
80
80
80
4
4
4
4
4
4
4
4
4
4
4
4
4
4
4
4
4
4
4
18
18
18
18
18
18
18
18
18
18
18
18
18
18
18
18
26
26
26
26
26
26
26
26
26
26
26
26
26
41
41
41
41
41
41
41
41
41
41
41
41
51
51
51
51
51
51
51
51
51
51
51
51
51
63
63
63
63
63
63
63
63
63
63
63
63
63
63
80
80
80
80
80
80
80
80
80
80
80
80
80
4
4
4
4
4
4
4
4
4
4
4
4
4
4
4
4
4
4
4
4
18
18
18
18
18
18
18
18
18
18
18
18
18
18
18
26
26
26
26
26
26
26
26
26
26
26
26
26
26
41
41
41
41
41
41
41
41
41
41
41
41
51
51
51
51
51
51
51
51
51
51
51
51
51
63
63
63
63
63
63
63
63
63
63
63
63
63
80
80
80
80
80
80
80
80
80
80
80
80
80
4
4
4
4
4
4
4
4
4
4
4
4
4
4
4
4
4
4
4
4
18
18
18
18
18
18
18
18
18
18
18
18
18
18
18
18
26
26
26
26
26
26
26
26
26
26
26
26
26
41
41
41
41
41
41
41
41
41
41
41
41
41
51
51
51
51
51
51
51
51
51
51
51
51
51
63
63
63
63
63
63
63
63
63
63
63
63
63
80
80
80
80
80
80
80
80
80
80
80
80
4
4
4
4
4
4
4
4
4
4
4
4
4
4
4
4
4
4
4
4
4
18
18
18
18
18
18
18
18
18
18
18
18
18
18
18
26
26
26
26
26
26
26
26
26
26
26
26
26
26
41
41
41
41
41
41
41
41
41
41
41
41
41
51
51
51
51
51
51
51
51
51
51
51
51
63
63
63
63
63
63
63
63
63
63
63
63
63
80
80
80
80
80
80
80
80
80
80
80
80
4
4
4
4
4
4
4
4
4
4
4
4
4
4
4
4
4
4
4
4
4
18
18
18
18
18
18
18
18
18
18
18
18
18
18
18
18
26
26
26
26
26
26
26
26
26
26
26
26
26
26
41
41
41
41
41
41
41
41
41
41
41
41
41
51
51
51
51
51
51
51
51
51
51
51
51
63
63
63
63
63
63
63
63
63
63
63
63
63
80
80
80
80
80
80
80
80
80
80
80
4
4
4
4
4
4
4
4
4
4
4
4
4
4
4
4
4
4
4
4
4
18
18
18
18
18
18
18
18
18
18
18
18
18
18
18
18
18
26
26
26
26
26
26
26
26
26
26
26
26
26
26
41
41
41
41
41
41
41
41
41
41
41
41
51
51
51
51
51
51
51
51
51
51
51
51
51
63
63
63
63
63
63
63
63
63
63
63
63
63
80
80
80
80
80
80
80
80
80
80
4
4
4
4
4
4
4
4
4
4
4
4
4
4
4
4
4
4
4
4
4
4
18
18
18
18
18
18
18
18
18
18
18
18
18
18
18
18
26
26
26
26
26
26
26
26
26
26
26
26
26
26
41
41
41
41
41
41
41
41
41
41
41
41
41
51
51
51
51
51
51
51
51
51
51
51
51
51
63
63
63
63
63
63
63
63
63
63
63
63
80
80
80
80
80
80
80
80
80
80
4
4
4
4
4
4
4
4
4
4
4
4
4
4
4
4
4
4
4
4
4
4
18
18
18
18
18
18
18
18
18
18
18
18
18
18
18
18
26
26
26
26
26
26
26
26
26
26
26
26
26
26
26
41
41
41
41
41
41
41
41
41
41
41
41
41
51
51
51
51
51
51
51
51
51
51
51
51
63
63
63
63
63
63
63
63
63
63
63
63
63
80
80
80
80
80
80
80
80
80
4
4
4
4
4
4
4
4
4
4
4
4
4
4
4
4
4
4
4
4
4
4
18
18
18
18
18
18
18
18
18
18
18
18
18
18
18
18
18
26
26
26
26
26
26
26
26
26
26
26
26
26
26
41
41
41
41
41
41
41
41
41
41
41
41
41
51
51
51
51
51
51
51
51
51
51
51
51
51
63
63
63
63
63
63
63
63
63
63
63
63
80
80
80
80
80
80
80
80
80
4
4
4
4
4
4
4
4
4
4
4
4
4
4
4
4
4
4
4
4
4
4
18
18
18
18
18
18
18
18
18
18
18
18
18
18
18
18
18
26
26
26
26
26
26
26
26
26
26
26
26
26
26
41
41
41
41
41
41
41
41
41
41
41
41
41
41
51
51
51
51
51
51
51
51
51
51
51
51
63
63
63
63
63
63
63
63
63
63
63
63
63
80
80
80
80
80
80
80
80
4
4
4
4
4
4
4
4
4
4
4
4
4
4
4
4
4
4
4
4
4
4
18
18
18
18
18
18
18
18
18
18
18
18
18
18
18
18
18
18
26
26
26
26
26
26
26
26
26
26
26
26
26
26
41
41
41
41
41
41
41
41
41
41
41
41
41
41
51
51
51
51
51
51
51
51
51
51
51
51
63
63
63
63
63
63
63
63
63
63
63
63
80
80
80
80
80
80
80
80
4
4
4
4
4
4
4
4
4
4
4
4
4
4
4
4
4
4
4
4
4
4
4
18
18
18
18
18
18
18
18
18
18
18
18
18
18
18
18
18
26
26
26
26
26
26
26
26
26
26
26
26
26
26
26
41
41
41
41
41
41
41
41
41
41
41
41
41
51
51
51
51
51
51
51
51
51
51
51
51
51
63
63
63
63
63
63
63
63
63
63
63
80
80
80
80
80
80
80
80
4
4
4
4
4
4
4
4
4
4
4
4
4
4
4
4
4
4
4
4
4
4
4
18
18
18
18
18
18
18
18
18
18
18
18
18
18
18
18
18
18
26
26
26
26
26
26
26
26
26
26
26
26
26
26
41
41
41
41
41
41
41
41
41
41
41
41
41
41
51
51
51
51
51
51
51
51
51
51
51
51
63
63
63
63
63
63
63
63
63
63
63
63
80
80
80
80
80
80
80
4
4
4
4
4
4
4
4
4
4
4
4
4
4
4
4
4
4
4
4
4
4
4
4
18
18
18
18
18
18
18
18
18
18
18
18
18
18
18
18
18
26
26
26
26
26
26
26
26
26
26
26
26
26
26
26
41
41
41
41
41
41
41
41
41
41
41
41
41
51
51
51
51
51
51
51
51
51
51
51
51
51
63
63
63
63
63
63
63
63
63
63
63
63
80
80
80
80
80
80
4
4
4
4
4
4
4
4
4
4
4
4
4
4
4
4
4
4
4
4
4
4
4
4
18
18
18
18
18
18
18
18
18
18
18
18
18
18
18
18
18
18
26
26
26
26
26
26
26
26
26
26
26
26
26
26
26
41
41
41
41
41
41
41
41
41
41
41
41
41
51
51
51
51
51
51
51
51
51
51
51
51
63
63
63
63
63
63
63
63
63
63
63
63
63
80
80
80
80
80
4
4
4
4
4
4
4
4
4
4
4
4
4
4
4
4
4
4
4
4
4
4
4
4
4
18
18
18
18
18
18
18
18
18
18
18
18
18
18
18
18
18
26
26
26
26
26
26
26
26
26
26
26
26
26
26
26
41
41
41
41
41
41
41
41
41
41
41
41
41
41
51
51
51
51
51
51
51
51
51
51
51
51
63
63
63
63
63
63
63
63
63
63
63
63
63
80
80
80
80
4
4
4
4
4
4
4
4
4
4
4
4
4
4
4
4
4
4
4
4
4
4
4
4
4
18
18
18
18
18
18
18
18
18
18
18
18
18
18
18
18
18
18
26
26
26
26
26
26
26
26
26
26
26
26
26
26
26
41
41
41
41
41
41
41
41
41
41
41
41
41
51
51
51
51
51
51
51
51
51
51
51
51
51
63
63
63
63
63
63
63
63
63
63
63
63
63
63
80
80
4
4
4
4
4
4
4
4
4
4
4
4
4
4
4
4
4
4
4
4
4
4
4
4
4
18
18
18
18
18
18
18
18
18
18
18
18
18
18
18
18
18
18
18
26
26
26
26
26
26
26
26
26
26
26
26
26
26
41
41
41
41
41
41
41
41
41
41
41
41
41
41
51
51
51
51
51
51
51
51
51
51
51
51
51
63
63
63
63
63
63
63
63
63
63
63
63
63
63
63
4
4
4
4
4
4
4
4
4
4
4
4
4
4
4
4
4
4
4
4
4
4
4
4
4
4
18
18
18
18
18
18
18
18
18
18
18
18
18
18
18
18
18
18
26
26
26
26
26
26
26
26
26
26
26
26
26
26
26
41
41
41
41
41
41
41
41
41
41
41
41
41
41
51
51
51
51
51
51
51
51
51
51
51
51
51
63
63
63
63
63
63
63
63
63
63
63
63
63
63
4
4
4
4
4
4
4
4
4
4
4
4
4
4
4
4
4
4
4
4
4
4
4
4
4
4
18
18
18
18
18
18
18
18
18
18
18
18
18
18
18
18
18
18
26
26
26
26
26
26
26
26
26
26
26
26
26
26
26
26
41
41
41
41
41
41
41
41
41
41
41
41
41
51
51
51
51
51
51
51
51
51
51
51
51
51
51
63
63
63
63
63
63
63
63
63
63
63
63
63
4
4
4
4
4
4
4
4
4
4
4
4
4
4
4
4
4
4
4
4
4
4
4
4
4
4
18
18
18
18
18
18
18
18
18
18
18
18
18
18
18
18
18
18
18
26
26
26
26
26
26
26
26
26
26
26
26
26
26
26
41
41
41
41
41
41
41
41
41
41
41
41
41
41
51
51
51
51
51
51
51
51
51
51
51
51
51
51
63
63
63
63
63
63
63
63
63
63
63
63
4
4
4
4
4
4
4
4
4
4
4
4
4
4
4
4
4
4
4
4
4
4
4
4
4
4
18
18
18
18
18
18
18
18
18
18
18
18
18
18
18
18
18
18
18
26
26
26
26
26
26
26
26
26
26
26
26
26
26
26
26
41
41
41
41
41
41
41
41
41
41
41
41
41
41
51
51
51
51
51
51
51
51
51
51
51
51
51
63
63
63
63
63
63
63
63
63
63
63
63
4
4
4
4
4
4
4
4
4
4
4
4
4
4
4
4
4
4
4
4
4
4
4
4
4
4
4
18
18
18
18
18
18
18
18
18
18
18
18
18
18
18
18
18
18
18
26
26
26
26
26
26
26
26
26
26
26
26
26
26
26
26
41
41
41
41
41
41
41
41
41
41
41
41
41
41
51
51
51
51
51
51
51
51
51
51
51
51
51
63
63
63
63
63
63
63
63
63
63
63
4
4
4
4
4
4
4
4
4
4
4
4
4
4
4
4
4
4
4
4
4
4
4
4
4
4
4
18
18
18
18
18
18
18
18
18
18
18
18
18
18
18
18
18
18
18
26
26
26
26
26
26
26
26
26
26
26
26
26
26
26
26
41
41
41
41
41
41
41
41
41
41
41
41
41
41
51
51
51
51
51
51
51
51
51
51
51
51
51
63
63
63
63
63
63
63
63
63
63
63
4
4
4
4
4
4
4
4
4
4
4
4
4
4
4
4
4
4
4
4
4
4
4
4
4
4
4
18
18
18
18
18
18
18
18
18
18
18
18
18
18
18
18
18
18
18
26
26
26
26
26
26
26
26
26
26
26
26
26
26
26
26
41
41
41
41
41
41
41
41
41
41
41
41
41
41
41
51
51
51
51
51
51
51
51
51
51
51
51
63
63
63
63
63
63
63
63
63
63
63
