1
3
3
4
4
6
7
8
9
10
11
12
14
14
16
16
17
19
19
20
21
23
23
24
25
27
27
28
29
31
31
32
33
33
35
36
37
38
38
40
41
42
43
44
46
46
47
48
49
50
50
52
53
54
56
56
57
58
59
61
61
63
63
64
65
66
67
68
69
69
71
72
73
73
75
77
77
78
79
79
81
83
83
84
86
86
87
88
89
90
91
92
92
94
95
96
97
97
99
100
2
2
4
5
5
6
7
8
9
10
11
12
13
14
15
16
17
18
19
20
21
22
23
24
25
26
27
28
29
30
31
32
33
34
35
36
37
38
39
40
41
42
43
44
45
46
47
48
49
50
51
52
53
54
55
56
57
58
59
60
61
62
63
64
65
66
67
68
69
70
71
72
73
74
75
76
77
78
79
80
81
82
83
84
85
86
87
88
89
90
91
92
93
94
95
96
96
98
98
99
2
2
4
5
5
5
7
8
9
10
11
12
13
14
15
16
17
18
19
20
21
22
23
24
25
26
27
28
29
30
31
32
33
34
35
36
37
38
39
40
41
42
43
44
45
46
47
48
49
50
51
52
53
54
55
56
57
58
59
60
61
62
62
64
65
66
67
68
69
70
71
72
73
74
75
76
77
78
79
80
81
82
83
84
85
86
87
88
89
90
91
93
93
93
95
95
96
98
98
98
2
2
2
5
5
5
5
5
9
9
11
12
13
13
15
15
17
18
18
20
21
22
22
24
25
26
26
28
29
30
31
32
33
34
35
36
37
38
39
40
41
42
43
44
45
45
47
47
49
50
51
51
53
54
55
55
57
58
59
60
60
62
62
62
65
66
67
68
69
70
71
72
73
74
75
76
76
78
79
80
80
82
82
84
85
85
87
88
89
90
93
93
93
93
93
93
98
98
98
98
2
2
2
2
5
5
5
5
5
5
11
11
13
13
15
15
15
18
18
18
22
22
22
22
25
26
26
26
29
30
30
32
32
34
34
36
36
38
39
39
41
41
43
45
45
45
45
47
49
51
51
51
51
55
55
55
55
58
58
60
60
62
62
62
62
66
66
68
70
70
70
72
72
74
74
76
76
78
78
80
80
82
82
82
85
85
85
88
88
93
93
93
93
93
93
93
93
93
98
98
2
2
2
2
2
5
5
5
5
5
5
5
13
13
13
15
15
18
18
18
18
22
22
22
22
26
26
26
26
30
30
30
32
34
34
34
36
39
39
39
39
39
45
45
45
45
45
45
45
51
51
51
51
51
55
55
55
55
55
60
60
62
62
62
62
62
62
70
70
70
70
70
70
74
74
76
76
76
76
80
80
80
82
82
85
85
85
85
93
93
93
93
93
93
93
93
93
93
93
93
2
2
2
2
2
2
2
2
2
5
5
5
5
5
15
15
15
15
18
18
18
18
22
22
22
22
26
26
26
26
26
30
34
34
34
34
34
39
39
39
39
39
45
45
45
45
45
45
45
45
51
51
51
51
51
55
55
55
55
55
62
62
62
62
62
62
62
62
70
70
70
70
70
70
70
76
76
76
76
76
80
80
80
85
85
85
85
85
93
93
93
93
93
93
93
93
93
93
93
93
2
2
2
2
2
2
2
2
2
2
2
2
2
2
2
15
15
15
15
18
18
18
22
22
22
22
22
26
26
26
26
26
34
34
34
34
34
34
39
39
39
39
45
45
45
45
45
45
45
45
45
51
51
51
51
55
55
55
55
55
62
62
62
62
62
62
62
62
62
70
70
70
70
70
70
70
76
76
76
76
76
76
85
85
85
85
85
85
93
93
93
93
93
93
93
93
93
93
93
93
2
2
2
2
2
2
2
2
2
2
2
2
2
2
2
2
2
18
18
18
18
18
18
18
22
22
26
26
26
26
26
26
26
34
34
34
34
34
34
34
45
45
45
45
45
45
45
45
45
45
45
45
45
45
55
55
55
55
55
55
62
62
62
62
62
62
62
62
62
62
70
70
70
70
70
70
70
76
76
76
76
76
85
85
85
85
85
85
93
93
93
93
93
93
93
93
93
93
93
93
2
2
2
2
2
2
2
2
2
2
2
2
2
2
2
2
2
2
18
18
18
18
18
18
18
26
26
26
26
26
26
26
26
26
34
34
34
34
34
34
34
45
45
45
45
45
45
45
45
45
45
45
45
45
55
55
55
55
55
55
62
62
62
62
62
62
62
62
62
62
62
70
70
70
70
70
70
70
70
76
76
76
85
85
85
85
85
85
93
93
93
93
93
93
93
93
93
93
93
93
2
2
2
2
2
2
2
2
2
2
2
2
2
2
2
2
2
2
18
18
18
18
18
18
18
26
26
26
26
26
26
26
26
26
26
34
34
34
34
34
34
34
45
45
45
45
45
45
45
45
45
45
45
45
45
55
55
55
55
55
62
62
62
62
62
62
62
62
62
62
62
70
70
70
70
70
70
70
70
70
70
85
85
85
85
85
85
85
85
93
93
93
93
93
93
93
93
93
93
93
2
2
2
2
2
2
2
2
2
2
2
2
2
2
2
2
2
2
18
18
18
18
18
18
18
18
26
26
26
26
26
26
26
26
26
26
34
34
34
34
34
34
34
45
45
45
45
45
45
45
45
45
45
45
45
45
55
55
55
55
62
62
62
62
62
62
62
62
62
62
62
62
70
70
70
70
70
70
70
70
70
70
85
85
85
85
85
85
85
93
93
93
93
93
93
93
93
93
93
93
2
2
2
2
2
2
2
2
2
2
2
2
2
2
2
2
2
2
18
18
18
18
18
18
18
18
26
26
26
26
26
26
26
26
26
26
26
34
34
34
34
34
34
34
45
45
45
45
45
45
45
45
45
45
45
45
45
45
45
62
62
62
62
62
62
62
62
62
62
62
62
62
70
70
70
70
70
70
70
70
70
70
70
85
85
85
85
85
85
93
93
93
93
93
93
93
93
93
93
93
2
2
2
2
2
2
2
2
2
2
2
2
2
2
2
2
2
2
18
18
18
18
18
18
18
18
18
26
26
26
26
26
26
26
26
26
26
26
34
34
34
34
34
34
34
45
45
45
45
45
45
45
45
45
45
45
45
45
45
45
62
62
62
62
62
62
62
62
62
62
62
62
62
70
70
70
70
70
70
70
70
70
70
70
85
85
85
85
85
93
93
93
93
93
93
93
93
93
93
93
2
2
2
2
2
2
2
2
2
2
2
2
2
2
2
2
2
2
18
18
18
18
18
18
18
18
18
26
26
26
26
26
26
26
26
26
26
26
26
34
34
34
34
34
34
34
45
45
45
45
45
45
45
45
45
45
45
45
45
45
62
62
62
62
62
62
62
62
62
62
62
62
62
70
70
70
70
70
70
70
70
70
70
70
70
70
85
93
93
93
93
93
93
93
93
93
93
93
93
93
2
2
2
2
2
2
2
2
2
2
2
2
2
2
2
2
2
2
18
18
18
18
18
18
18
18
18
18
26
26
26
26
26
26
26
26
26
26
26
26
34
34
34
34
34
34
34
45
45
45
45
45
45
45
45
45
45
45
45
45
45
62
62
62
62
62
62
62
62
62
62
62
62
62
70
70
70
70
70
70
70
70
70
70
70
70
70
93
93
93
93
93
93
93
93
93
93
93
93
93
2
2
2
2
2
2
2
2
2
2
2
2
2
2
2
2
2
2
18
18
18
18
18
18
18
18
18
18
18
26
26
26
26
26
26
26
26
26
26
26
26
34
34
34
34
34
34
34
45
45
45
45
45
45
45
45
45
45
45
45
45
45
62
62
62
62
62
62
62
62
62
62
62
62
62
70
70
70
70
70
70
70
70
70
70
70
70
93
93
93
93
93
93
93
93
93
93
93
93
93
2
2
2
2
2
2
2
2
2
2
2
2
2
2
2
2
2
2
18
18
18
18
18
18
18
18
18
18
18
26
26
26
26
26
26
26
26
26
26
26
26
34
34
34
34
34
34
34
34
45
45
45
45
45
45
45
45
45
45
45
45
45
62
62
62
62
62
62
62
62
62
62
62
62
62
70
70
70
70
70
70
70
70
70
70
70
70
93
93
93
93
93
93
93
93
93
93
93
93
93
2
2
2
2
2
2
2
2
2
2
2
2
2
2
2
2
2
2
18
18
18
18
18
18
18
18
18
18
18
18
26
26
26
26
26
26
26
26
26
26
26
26
34
34
34
34
34
34
34
45
45
45
45
45
45
45
45
45
45
45
45
45
45
62
62
62
62
62
62
62
62
62
62
62
62
62
70
70
70
70
70
70
70
70
70
70
70
70
93
93
93
93
93
93
93
93
93
93
93
93
2
2
2
2
2
2
2
2
2
2
2
2
2
2
2
2
2
2
2
18
18
18
18
18
18
18
18
18
18
18
18
26
26
26
26
26
26
26
26
26
26
26
26
34
34
34
34
34
34
34
45
45
45
45
45
45
45
45
45
45
45
45
45
45
62
62
62
62
62
62
62
62
62
62
62
62
62
70
70
70
70
70
70
70
70
70
70
70
93
93
93
93
93
93
93
93
93
93
93
93
2
2
2
2
2
2
2
2
2
2
2
2
2
2
2
2
2
2
2
18
18
18
18
18
18
18
18
18
18
18
18
26
26
26
26
26
26
26
26
26
26
26
26
34
34
34
34
34
34
34
34
45
45
45
45
45
45
45
45
45
45
45
45
45
62
62
62
62
62
62
62
62
62
62
62
62
62
70
70
70
70
70
70
70
70
70
70
70
93
93
93
93
93
93
93
93
93
93
93
93
2
2
2
2
2
2
2
2
2
2
2
2
2
2
2
2
2
2
2
18
18
18
18
18
18
18
18
18
18
18
18
18
26
26
26
26
26
26
26
26
26
26
26
26
34
34
34
34
34
34
34
34
45
45
45
45
45
45
45
45
45
45
45
45
45
62
62
62
62
62
62
62
62
62
62
62
62
62
70
70
70
70
70
70
70
70
70
70
93
93
93
93
93
93
93
93
93
93
93
93
2
2
2
2
2
2
2
2
2
2
2
2
2
2
2
2
2
2
2
18
18
18
18
18
18
18
18
18
18
18
18
18
26
26
26
26
26
26
26
26
26
26
26
26
34
34
34
34
34
34
34
34
34
45
45
45
45
45
45
45
45
45
45
45
45
45
62
62
62
62
62
62
62
62
62
62
62
62
70
70
70
70
70
70
70
70
70
70
70
93
93
93
93
93
93
93
93
93
93
93
2
2
2
2
2
2
2
2
2
2
2
2
2
2
2
2
2
2
2
18
18
18
18
18
18
18
18
18
18
18
18
18
18
26
26
26
26
26
26
26
26
26
26
26
26
34
34
34
34
34
34
34
34
34
45
45
45
45
45
45
45
45
45
45
45
45
62
62
62
62
62
62
62
62
62
62
62
62
62
70
70
70
70
70
70
70
70
70
70
93
93
93
93
93
93
93
93
93
93
93
2
2
2
2
2
2
2
2
2
2
2
2
2
2
2
2
2
2
2
2
18
18
18
18
18
18
18
18
18
18
18
18
18
26
26
26
26
26
26
26
26
26
26
26
26
34
34
34
34
34
34
34
34
34
34
45
45
45
45
45
45
45
45
45
45
45
45
62
62
62
62
62
62
62
62
62
62
62
62
70
70
70
70
70
70
70
70
70
70
93
93
93
93
93
93
93
93
93
93
93
2
2
2
2
2
2
2
2
2
2
2
2
2
2
2
2
2
2
2
2
18
18
18
18
18
18
18
18
18
18
18
18
18
18
26
26
26
26
26
26
26
26
26
26
26
26
34
34
34
34
34
34
34
34
34
34
45
45
45
45
45
45
45
45
45
45
45
45
62
62
62
62
62
62
62
62
62
62
62
62
70
70
70
70
70
70
70
70
70
93
93
93
93
93
93
93
93
93
93
93
2
2
2
2
2
2
2
2
2
2
2
2
2
2
2
2
2
2
2
2
18
18
18
18
18
18
18
18
18
18
18
18
18
18
26
26
26
26
26
26
26
26
26
26
26
26
34
34
34
34
34
34
34
34
34
34
34
45
45
45
45
45
45
45
45
45
45
45
45
62
62
62
62
62
62
62
62
62
62
62
70
70
70
70
70
70
70
70
70
70
93
93
93
93
93
93
93
93
93
93
2
2
2
2
2
2
2
2
2
2
2
2
2
2
2
2
2
2
2
2
18
18
18
18
18
18
18
18
18
18
18
18
18
18
18
26
26
26
26
26
26
26
26
26
26
26
26
34
34
34
34
34
34
34
34
34
34
34
45
45
45
45
45
45
45
45
45
45
45
62
62
62
62
62
62
62
62
62
62
62
70
70
70
70
70
70
70
70
70
70
93
93
93
93
93
93
93
93
93
93
2
2
2
2
2
2
2
2
2
2
2
2
2
2
2
2
2
2
2
2
2
18
18
18
18
18
18
18
18
18
18
18
18
18
18
26
26
26
26
26
26
26
26
26
26
26
26
34
34
34
34
34
34
34
34
34
34
34
34
45
45
45
45
45
45
45
45
45
45
45
62
62
62
62
62
62
62
62
62
62
62
70
70
70
70
70
70
70
70
70
93
93
93
93
93
93
93
93
93
93
2
2
2
2
2
2
2
2
2
2
2
2
2
2
2
2
2
2
2
2
2
18
18
18
18
18
18
18
18
18
18
18
18
18
18
18
26
26
26
26
26
26
26
26
26
26
26
26
34
34
34
34
34
34
34
34
34
34
34
45
45
45
45
45
45
45
45
45
45
45
45
62
62
62
62
62
62
62
62
62
62
70
70
70
70
70
70
70
70
70
93
93
93
93
93
93
93
93
93
93
2
2
2
2
2
2
2
2
2
2
2
2
2
2
2
2
2
2
2
2
2
18
18
18
18
18
18
18
18
18
18
18
18
18
18
18
26
26
26
26
26
26
26
26
26
26
26
26
34
34
34
34
34
34
34
34
34
34
34
34
45
45
45
45
45
45
45
45
45
45
45
62
62
62
62
62
62
62
62
62
62
62
70
70
70
70
70
70
70
70
93
93
93
93
93
93
93
93
93
93
2
2
2
2
2
2
2
2
2
2
2
2
2
2
2
2
2
2
2
2
2
2
18
18
18
18
18
18
18
18
18
18
18
18
18
18
18
26
26
26
26
26
26
26
26
26
26
26
26
34
34
34
34
34
34
34
34
34
34
34
45
45
45
45
45
45
45
45
45
45
45
45
62
62
62
62
62
62
62
62
62
62
70
70
70
70
70
70
70
70
93
93
93
93
93
93
93
93
93
93
2
2
2
2
2
2
2
2
2
2
2
2
2
2
2
2
2
2
2
2
2
2
18
18
18
18
18
18
18
18
18
18
18
18
18
18
18
26
26
26
26
26
26
26
26
26
26
26
26
34
34
34
34
34
34
34
34
34
34
34
34
45
45
45
45
45
45
45
45
45
45
45
62
62
62
62
62
62
62
62
62
62
62
70
70
70
70
70
70
70
93
93
93
93
93
93
93
93
93
93
2
2
2
2
2
2
2
2
2
2
2
2
2
2
2
2
2
2
2
2
2
2
18
18
18
18
18
18
18
18
18
18
18
18
18
18
18
18
26
26
26
26
26
26
26
26
26
26
26
26
34
34
34
34
34
34
34
34
34
34
34
45
45
45
45
45
45
45
45
45
45
45
45
62
62
62
62
62
62
62
62
62
62
70
70
70
70
70
70
70
93
93
93
93
93
93
93
93
93
93
2
2
2
2
2
2
2
2
2
2
2
2
2
2
2
2
2
2
2
2
2
2
18
18
18
18
18
18
18
18
18
18
18
18
18
18
18
18
26
26
26
26
26
26
26
26
26
26
26
26
34
34
34
34
34
34
34
34
34
34
34
34
45
45
45
45
45
45
45
45
45
45
45
45
62
62
62
62
62
62
62
62
62
62
70
70
70
70
70
70
93
93
93
93
93
93
93
93
93
93
2
2
2
2
2
2
2
2
2
2
2
2
2
2
2
2
2
2
2
2
2
2
2
18
18
18
18
18
18
18
18
18
18
18
18
18
18
18
26
26
26
26
26
26
26
26
26
26
26
26
26
34
34
34
34
34
34
34
34
34
34
34
34
45
45
45
45
45
45
45
45
45
45
45
62
62
62
62
62
62
62
62
62
62
62
70
70
70
70
70
93
93
93
93
93
93
93
93
93
93
2
2
2
2
2
2
2
2
2
2
2
2
2
2
2
2
2
2
2
2
2
2
2
18
18
18
18
18
18
18
18
18
18
18
18
18
18
18
18
26
26
26
26
26
26
26
26
26
26
26
26
26
34
34
34
34
34
34
34
34
34
34
34
45
45
45
45
45
45
45
45
45
45
45
45
62
62
62
62
62
62
62
62
62
62
62
62
70
93
93
93
93
93
93
93
93
93
93
93
93
2
2
2
2
2
2
2
2
2
2
2
2
2
2
2
2
2
2
2
2
2
2
2
2
18
18
18
18
18
18
18
18
18
18
18
18
18
18
18
26
26
26
26
26
26
26
26
26
26
26
26
26
34
34
34
34
34
34
34
34
34
34
34
34
45
45
45
45
45
45
45
45
45
45
45
45
62
62
62
62
62
62
62
62
62
62
62
62
93
93
93
93
93
93
93
93
93
93
93
93
2
2
2
2
2
2
2
2
2
2
2
2
2
2
2
2
2
2
2
2
2
2
2
2
18
18
18
18
18
18
18
18
18
18
18
18
18
18
18
26
26
26
26
26
26
26
26
26
26
26
26
26
26
34
34
34
34
34
34
34
34
34
34
34
45
45
45
45
45
45
45
45
45
45
45
45
45
62
62
62
62
62
62
62
62
62
62
62
93
93
93
93
93
93
93
93
93
93
93
93
2
2
2
2
2
2
2
2
2
2
2
2
2
2
2
2
2
2
2
2
2
2
2
2
18
18
18
18
18
18
18
18
18
18
18
18
18
18
18
18
26
26
26
26
26
26
26
26
26
26
26
26
26
34
34
34
34
34
34
34
34
34
34
34
34
45
45
45
45
45
45
45
45
45
45
45
45
62
62
62
62
62
62
62
62
62
62
62
93
93
93
93
93
93
93
93
93
93
93
93
2
2
2
2
2
2
2
2
2
2
2
2
2
2
2
2
2
2
2
2
2
2
2
2
2
18
18
18
18
18
18
18
18
18
18
18
18
18
18
18
26
26
26
26
26
26
26
26
26
26
26
26
26
26
34
34
34
34
34
34
34
34
34
34
34
34
45
45
45
45
45
45
45
45
45
45
45
45
62
62
62
62
62
62
62
62
62
62
93
93
93
93
93
93
93
93
93
93
93
93
2
2
2
2
2
2
2
2
2
2
2
2
2
2
2
2
2
2
2
2
2
2
2
2
2
18
18
18
18
18
18
18
18
18
18
18
18
18
18
18
18
26
26
26
26
26
26
26
26
26
26
26
26
26
26
34
34
34
34
34
34
34
34
34
34
34
45
45
45
45
45
45
45
45
45
45
45
45
62
62
62
62
62
62
62
62
62
62
93
93
93
93
93
93
93
93
93
93
93
93
2
2
2
2
2
2
2
2
2
2
2
2
2
2
2
2
2
2
2
2
2
2
2
2
2
18
18
18
18
18
18
18
18
18
18
18
18
18
18
18
18
26
26
26
26
26
26
26
26
26
26
26
26
26
26
34
34
34
34
34
34
34
34
34
34
34
34
45
45
45
45
45
45
45
45
45
45
45
45
62
62
62
62
62
62
62
62
62
62
93
93
93
93
93
93
93
93
93
93
93
2
2
2
2
2
2
2
2
2
2
2
2
2
2
2
2
2
2
2
2
2
2
2
2
2
18
18
18
18
18
18
18
18
18
18
18
18
18
18
18
18
18
26
26
26
26
26
26
26
26
26
26
26
26
26
26
34
34
34
34
34
34
34
34
34
34
34
45
45
45
45
45
45
45
45
45
45
45
45
62
62
62
62
62
62
62
62
62
62
93
93
93
93
93
93
93
93
93
93
93
2
2
2
2
2
2
2
2
2
2
2
2
2
2
2
2
2
2
2
2
2
2
2
2
2
18
18
18
18
18
18
18
18
18
18
18
18
18
18
18
18
18
26
26
26
26
26
26
26
26
26
26
26
26
26
26
34
34
34
34
34
34
34
34
34
34
34
34
45
45
45
45
45
45
45
45
45
45
45
45
62
62
62
62
62
62
62
62
62
93
93
93
93
93
93
93
93
93
93
93
2
2
2
2
2
2
2
2
2
2
2
2
2
2
2
2
2
2
2
2
2
2
2
2
2
18
18
18
18
18
18
18
18
18
18
18
18
18
18
18
18
18
26
26
26
26
26
26
26
26
26
26
26
26
26
26
26
34
34
34
34
34
34
34
34
34
34
34
45
45
45
45
45
45
45
45
45
45
45
45
62
62
62
62
62
62
62
62
62
93
93
93
93
93
93
93
93
93
93
93
2
2
2
2
2
2
2
2
2
2
2
2
2
2
2
2
2
2
2
2
2
2
2
2
2
18
18
18
18
18
18
18
18
18
18
18
18
18
18
18
18
18
26
26
26
26
26
26
26
26
26
26
26
26
26
26
26
34
34
34
34
34
34
34
34
34
34
34
34
45
45
45
45
45
45
45
45
45
45
45
62
62
62
62
62
62
62
62
62
93
93
93
93
93
93
93
93
93
93
93
2
2
2
2
2
2
2
2
2
2
2
2
2
2
2
2
2
2
2
2
2
2
2
2
2
18
18
18
18
18
18
18
18
18
18
18
18
18
18
18
18
18
18
26
26
26
26
26
26
26
26
26
26
26
26
26
26
34
34
34
34
34
34
34
34
34
34
34
34
45
45
45
45
45
45
45
45
45
45
45
62
62
62
62
62
62
62
62
62
93
93
93
93
93
93
93
93
93
93
93
2
2
2
2
2
2
2
2
2
2
2
2
2
2
2
2
2
2
2
2
2
2
2
2
2
18
18
18
18
18
18
18
18
18
18
18
18
18
18
18
18
18
18
26
26
26
26
26
26
26
26
26
26
26
26
26
26
34
34
34
34
34
34
34
34
34
34
34
34
45
45
45
45
45
45
45
45
45
45
45
62
62
62
62
62
62
62
62
62
93
93
93
93
93
93
93
93
93
93
93
2
2
2
2
2
2
2
2
2
2
2
2
2
2
2
2
2
2
2
2
2
2
2
2
2
18
18
18
18
18
18
18
18
18
18
18
18
18
18
18
18
18
18
26
26
26
26
26
26
26
26
26
26
26
26
26
26
34
34
34
34
34
34
34
34
34
34
34
34
45
45
45
45
45
45
45
45
45
45
45
62
62
62
62
62
62
62
62
62
93
93
93
93
93
93
93
93
93
93
93
